8 0.2265625 0.5884609375000001 0.01959375 0.028476562500000004
8 0.54678125 0.5064765625 0.018375 0.027476562500000003
8 0.548 0.62834375 0.0208125 0.0275390625
8 0.7082604166666666 0.60625 0.021520833333333333 0.0275078125
4 0.7762875 0.5683328125 0.9582270833333334 0.5665046874999999 0.9647249999999999 0.6737734375 0.7750697916666667 0.6786492187500001 0.7458291666666667 0.6661546875 0.7442052083333334 0.5677234375
7 0.3934125 0.713003125 0.6639947916666666 0.711409375 0.67740625 0.7248281249999999 0.6814302083333333 0.7473046875 0.3783239583333333 0.7483109375 0.3801125 0.7268414062499999
7 0.1646291666666667 0.714171875 0.37206458333333337 0.71383671875 0.37608854166666666 0.7262484375 0.365359375 0.75040234375 0.12662916666666665 0.7507375 0.12439375000000001 0.72926796875
7 0.13478854166666665 0.31020234375 0.30690625 0.31154375 0.31629479166666663 0.32429140625 0.321659375 0.34307734375 0.31718854166666666 0.35112890625 0.16071770833333332 0.35213515625 0.13076458333333335 0.33133671875
7 0.33135312499999997 0.30958828125000004 0.5633 0.311421875 0.5617791666666666 0.33274375 0.5576677083333333 0.3502265625 0.34387395833333334 0.35296875 0.3301697916666667 0.33240156249999997
0 0.15454062500000001 0.40451953124999995 0.5356729166666666 0.40114062500000003 0.5373104166666667 0.4118921875 0.5389479166666666 0.47855234375 0.5369010416666666 0.4822390625 0.17378125000000003 0.48868984375 0.15331250000000002 0.486846875 0.152084375 0.482853125 0.15454062500000001 0.48101015625 0.15413125 0.47885937500000003 0.1434875 0.4736375 0.138575 0.46687890625 0.13898437500000002 0.45059843749999995 0.141440625 0.44721875000000005 0.14184999999999998 0.43493125 0.13939375 0.43124531250000003 0.13898437500000002 0.41219921875 0.147171875 0.4118921875 0.14921875 0.40882031249999995
5 0.5715958333333333 0.35700390625 0.5823416666666666 0.35891484375 0.5933947916666666 0.36167890625 0.5974885416666668 0.3659796875 0.6044479166666666 0.37488828125 0.6069041666666667 0.38287578125 0.6028104166666667 0.3945484375 0.5974885416666668 0.40437890625 0.5864354166666667 0.41144453125 0.5708791666666666 0.4154375 0.5557322916666667 0.41513046875 0.5479541666666666 0.41144453125 0.5397666666666667 0.40683671875 0.5340354166666667 0.39669921874999997 0.5344447916666667 0.38441171875 0.5373104166666667 0.37120234375 0.5434510416666666 0.36444375 0.5553229166666667 0.36045078125
1 0.12008437500000001 0.513471875 0.121640625 0.36395546875 0.14692187499999998 0.34498515625000004 0.13019687500000002 0.33068437500000003 0.13214166666666666 0.31288125 0.30599791666666665 0.31083828125 0.31533229166666665 0.32426328125000003 0.329334375 0.324846875 0.33088958333333335 0.30996250000000003 0.5630864583333334 0.31031015625 0.5623083333333334 0.320525 0.8304625 0.31702265625 0.8312395833333334 0.33161484375 0.844075 0.3313234375 0.8615770833333334 0.319065625 0.89658125 0.319065625 0.9012489583333333 0.39494765625 0.8572989583333332 0.4130421875 0.834740625 0.413334375 0.8432968750000001 0.5667921875 0.9587729166666666 0.5667921875 0.9649958333333333 0.67321953125 0.8467583333333334 0.677596875 0.8490927083333334 0.73596796875 0.8238114583333334 0.73596796875 0.823421875 0.73771875 0.755746875 0.7380109375 0.7530239583333334 0.73713515625 0.6795145833333333 0.73859453125 0.6806822916666667 0.7461828125000001 0.37870937499999996 0.74858046875 0.37832083333333333 0.7409921875000001 0.3705416666666667 0.74157578125 0.36470833333333336 0.75120703125 0.1268625 0.7497476562500001 0.12569479166666667 0.73077734375 0.14358645833333333 0.72114609375 0.14436458333333332 0.64234609375 0.12025 0.621040625 0.11988020833333332 0.5644984375 0.108990625 0.5621640625000001 0.11132395833333333 0.5566187499999999 0.12026979166666667 0.5577859375 0.12104791666666667 0.54377734375 0.1117125 0.54231796875 0.11093541666666668 0.5367726562499999 0.12026979166666667 0.5367726562499999 0.12104791666666667 0.52218046875 0.114046875 0.52218046875 0.11365729166666667 0.5183859375