1 0.23869583333333333 0.278990625 0.24074375 0.2312953125 0.2565 0.22987656250000002 0.2564177083333333 0.22402812499999997 0.32430625 0.22166484375 0.32955520833333335 0.2282296875 0.38379583333333334 0.22534140625000001 0.3844958333333333 0.20643515625000003 0.7001145833333333 0.19263671875 0.7022135416666667 0.21049296874999998 0.7134114583333333 0.21154296874999998 0.7151614583333333 0.18974843749999998 0.994028125 0.18292109375 0.9936781250000001 0.2078671875 0.9894791666666667 0.21364375 0.9863291666666666 0.3117421875 0.9989583333333333 0.32355859374999996 0.9989583333333333 0.64230703125 0.9747812499999999 0.65963828125 0.9817802083333333 0.66567734375 0.9814302083333334 0.6903609375 0.7718166666666666 0.6819578125 0.7690166666666667 0.67486796875 0.7452208333333333 0.6727671875000001 0.742071875 0.6822203124999999 0.48351979166666664 0.668303125 0.48456875 0.6609507812500001 0.23860625000000002 0.649134375 0.23790624999999999 0.630228125 0.21271041666666665 0.62812734375 0.18716458333333333 0.6357421875 0.15601979166666666 0.63311640625 0.15811979166666665 0.556440625 0.22145937499999999 0.5462 0.23895625 0.54856328125 0.24000520833333333 0.39701328125 0.16196875000000002 0.39622578124999996 0.110878125 0.38834843750000003 0.111578125 0.28349921875
4 0.111578125 0.28384453125000003 0.28129895833333335 0.27717421875000003 0.3334395833333333 0.29896875 0.33308958333333333 0.3969140625 0.17316770833333334 0.3977015625 0.111228125 0.38877421874999996 0.11192812499999999 0.28478906249999997
8 0.3764822916666667 0.37039296875 0.37578229166666666 0.34413359374999997 0.35618541666666664 0.34308359374999997 0.35513541666666665 0.37039296875
8 0.5175072916666666 0.345709375 0.5383375 0.345709375 0.5369375000000001 0.317875 0.5159416666666666 0.31866249999999996
8 0.5140166666666667 0.4754359375 0.5337885416666667 0.475746875 0.5334385416666667 0.45001328125000006 0.5155916666666667 0.44948828125 0.5141916666666667 0.475746875
8 0.874990625 0.3890234375 0.8968572916666666 0.38902109375 0.8974104166666667 0.3597359375 0.8760979166666666 0.35994375
0 0.5258447916666666 0.48319609375 0.9693760416666667 0.48975546875 0.962903125 0.5856703125 0.520384375 0.57079765625 0.5228114583333333 0.5601734375 0.517553125 0.5589593749999999 0.5187666666666667 0.49764687500000004 0.5220020833333333 0.4912734375
7 0.4855177083333333 0.668309375 0.48525625 0.6462984374999999 0.5100666666666667 0.630340625 0.7419947916666667 0.6412921875 0.7419947916666667 0.6613171875 0.7403260416666666 0.6813421875000001 0.485590625 0.66835703125
7 0.7727104166666667 0.68238203125 0.768853125 0.67378203125 0.7701041666666666 0.65798125 0.7686447916666667 0.64249296875 0.9610791666666666 0.64875078125 0.9819281249999999 0.66642890625 0.9813020833333332 0.6905218750000001
7 0.38452291666666666 0.22896484374999998 0.38398958333333333 0.20719765625000003 0.6998718749999999 0.19319609375 0.7001385416666667 0.21639921874999998 0.7025375 0.23740156250000002 0.4146447916666667 0.25180390625000004
7 0.7150666666666667 0.23721171874999997 0.7141333333333333 0.21450234375 0.7141333333333333 0.19229921875 0.9940291666666667 0.18389843749999998 0.9937625 0.2095015625 0.9705708333333334 0.2319046875
5 0.4782375 0.55477734375 0.49646666666666667 0.5551890625 0.5153541666666667 0.5558484375 0.5210645833333333 0.56342890625 0.5210645833333333 0.5673843749999999 0.5223822916666667 0.57133984375 0.5311677083333334 0.5739765625000001 0.5294104166666667 0.61451875 0.5039333333333333 0.61451875 0.497784375 0.61748515625 0.4854854166666666 0.61649609375 0.45913020833333335 0.60990390625 0.45254062500000003 0.601334375 0.4472697916666667 0.5911164062500001 0.45078437499999996 0.5795796875 0.45956874999999997 0.56804375 0.46703645833333335 0.5607921874999999
5 0.4059802083333333 0.55222265625 0.438484375 0.55551875 0.44507395833333335 0.562440625 0.45517604166666664 0.5690328124999999 0.45078437499999996 0.5759546875 0.4468302083333333 0.5858421875000001 0.44858750000000003 0.5954015625 0.45385833333333336 0.6023226562499999 0.45122291666666664 0.6118812499999999 0.4248677083333333 0.61122265625 0.4090552083333333 0.6155070312500001 0.39411979166666666 0.6135296875 0.375671875 0.60496015625 0.37215729166666667 0.59803828125 0.369521875 0.58485390625 0.372596875 0.57628359375 0.38182083333333333 0.56804375 0.39016666666666666 0.56342890625 0.39368125000000004 0.5607921874999999 0.4002697916666667 0.5558484375