8 0.8341458333333333 0.35450781249999996 0.020291666666666666 0.0305234375
8 0.48252083333333334 0.3066171875 0.02103125 0.03125
8 0.48283333333333334 0.440140625 0.02041666666666667 0.030109375
8 0.30702083333333335 0.329640625 0.020166666666666666 0.0290390625
4 0.034642708333333334 0.24923984375 0.23556875 0.2455765625 0.2672416666666667 0.26674375 0.27318020833333334 0.36998203125 0.14302395833333334 0.3736953125 0.039096875 0.36961015625 0.032662500000000004 0.3647828125 0.034642708333333334 0.24594765624999998
7 0.34271250000000003 0.17083046875000002 0.6737958333333334 0.1697796875 0.675775 0.18723359374999998 0.656475 0.2150859375 0.35558020833333337 0.21434296874999997 0.34271250000000003 0.19503203125
7 0.690375 0.1675828125 0.9506875 0.17274609375 0.9506875 0.19725546875 0.9046635416666666 0.21768046874999997 0.6740437499999999 0.21433828125 0.6681041666666666 0.20319765625000002
7 0.7256354166666666 0.6078820312500001 0.89686875 0.60816328125 0.9329958333333334 0.6274734375000001 0.9329958333333334 0.64938359375 0.743946875 0.6490125 0.72118125 0.6271023437500001
7 0.47200312499999997 0.60741875 0.6959427083333334 0.6074140625 0.7177177083333334 0.62821015625 0.7192020833333334 0.65049140625 0.4663125 0.64826328125 0.4668072916666667 0.6278382812500001
0 0.500653125 0.463703125 0.9086968750000001 0.46204921875 0.9143479166666667 0.46487109374999996 0.9151 0.46769296875000005 0.9120916666666666 0.46995078125 0.9132197916666667 0.47277265625 0.9192364583333333 0.4758765625 0.9286385416666667 0.47869921875 0.927134375 0.5007109375 0.9256302083333333 0.504096875 0.9252541666666667 0.5165140625 0.9282625 0.520746875 0.927134375 0.5421945312500001 0.9147239583333333 0.54360546875 0.9154760416666666 0.54783828125 0.9072020833333333 0.5526359375000001 0.493140625 0.5554578125 0.49351666666666666 0.53908984375 0.49351666666666666 0.52977734375 0.4927645833333333 0.47107968749999996
5 0.4364104166666667 0.53713203125 0.48178645833333333 0.53758125 0.493925 0.5475578125 0.493925 0.55406328125 0.5008614583333333 0.55753359375 0.4950802083333333 0.59396796875 0.4800520833333334 0.59526875 0.45635312499999997 0.59960625 0.433809375 0.59613671875 0.419359375 0.59526875 0.41993749999999996 0.5518953125
1 0.174853125 0.64171875 0.1765875 0.62693203125 0.15809062499999998 0.6264984375 0.139015625 0.63777578125 0.103178125 0.636475 0.099709375 0.55493125 0.14999791666666665 0.53758125 0.17080729166666667 0.5401835937499999 0.16271458333333333 0.37362734375 0.10783125 0.3754765625 0.035578125 0.3689703125 0.03384375 0.36680156249999996 0.03153125 0.2514265625 0.039623958333333334 0.24969140625000003 0.159853125 0.24665546875 0.15869791666666666 0.18954921875 0.18702083333333333 0.18954921875 0.18702083333333333 0.18347734375 0.26043020833333336 0.18347734375 0.2656322916666667 0.18781484375 0.34193229166666667 0.18564609375000002 0.3436666666666667 0.17350078124999999 0.345978125 0.16916328125 0.6749052083333333 0.16959765625 0.6754833333333334 0.184778125 0.6789510416666666 0.18607968749999998 0.688778125 0.16742890625 0.9500031250000001 0.1722 0.9500031250000001 0.19432031249999998 0.92688125 0.20776640624999998 0.9211010416666666 0.29625 0.94595625 0.31576875000000004 0.9448010416666667 0.37779375000000004 0.9632979166666666 0.37909453125 0.9592510416666666 0.3829984375 0.9471124999999999 0.3843 0.9444687500000001 0.40047421875 0.960653125 0.40047421875 0.960075 0.40784765624999997 0.9467802083333333 0.40871562499999997 0.9467802083333333 0.42216171874999997 0.9594968749999999 0.42606484375000003 0.9571843750000001 0.4330046875 0.9456239583333333 0.4312703125 0.9363760416666668 0.59430703125 0.9120989583333333 0.61556015625 0.9305958333333333 0.62857265625 0.9329072916666666 0.65112734375 0.7467822916666667 0.650259375 0.7317541666666667 0.63811484375 0.719615625 0.63724765625 0.7190375 0.650259375 0.46470520833333334 0.64765703125 0.4652833333333334 0.64028359375