4 0.3259989583333333 0.30073046875 0.32178958333333335 0.29825078125000004 0.11608125 0.299378125 0.11277291666666667 0.30343593750000003 0.11938958333333334 0.41435234374999996 0.12420104166666666 0.41705703125 0.3329166666666667 0.413225
8 0.5278645833333333 0.3344328125 0.546346875 0.3344328125 0.5460489583333333 0.3628125 0.52726875 0.36303593749999996
8 0.36060312499999997 0.35747578125 0.3803395833333333 0.35718515625 0.3807270833333333 0.38561484375 0.360990625 0.3859046875
1 0.216378125 0.23126562499999997 0.42100312500000003 0.23325546875 0.4216135416666667 0.22638906250000002 0.72635 0.22821953125 0.7287927083333333 0.23417109374999998 0.7336781250000001 0.23417109374999998 0.737953125 0.22913515625 0.9645208333333334 0.23600234375 0.962078125 0.25751796875 0.9254364583333333 0.2648421875 0.9236041666666667 0.33763046874999997 0.9468104166666667 0.35823046875000003 0.9447666666666666 0.40575078124999997 0.9482604166666667 0.409559375 0.947625 0.4131296875 0.9720770833333333 0.41360546875 0.9730291666666666 0.4171765625 0.9714416666666666 0.41860468749999996 0.948075 0.4180859375 0.9472916666666666 0.42266875 0.9457239583333333 0.42454843750000004 0.9457239583333333 0.42783906250000003 0.9477614583333334 0.42795625 0.9479187499999999 0.433009375 0.972215625 0.433596875 0.9726854166666666 0.43641640625000006 0.97111875 0.4384140625 0.9671989583333332 0.43888437500000005 0.9487020833333334 0.4384140625 0.9466645833333334 0.440646875 0.9444697916666667 0.44358437500000003 0.94588125 0.44616953125 0.9465072916666667 0.44959296875000004 0.9465072916666667 0.4526484375 0.9708052083333333 0.45452812500000006 0.97111875 0.4579359375 0.96939375 0.4608734375 0.948075 0.45899375 0.944940625 0.460403125 0.9440000000000001 0.46251875 0.943059375 0.46463359375 0.9421447916666666 0.51828984375 0.9379000000000001 0.6051046875 0.9183302083333333 0.620834375 0.9501614583333333 0.632853125 0.949925 0.65194140625 0.7924239583333333 0.6618390625 0.7740333333333334 0.6498203124999999 0.7702604166666667 0.6501742187499999 0.7693270833333333 0.6512578125 0.7688552083333333 0.66575078125 0.5425447916666666 0.6765328125 0.5338208333333333 0.66115546875 0.24506770833333333 0.67776953125 0.244125 0.66380703125 0.24247500000000002 0.663453125 0.23705208333333333 0.675471875 0.1995625 0.676709375 0.19865833333333333 0.59592890625 0.2151625 0.57560390625 0.23661875 0.5747046874999999 0.226715625 0.4149 0.12108645833333333 0.41737421875 0.119278125 0.41158515625 0.11718854166666667 0.38415390625 0.1132 0.30355937499999996 0.11680833333333333 0.2991453125 0.21881458333333334 0.2994296875
8 0.5281479166666666 0.46173906249999996 0.528346875 0.48749765624999997 0.55015625 0.48749765624999997 0.5493270833333334 0.461215625
0 0.5485645833333332 0.49137265625 0.8890375 0.48391171875000005 0.9254187500000001 0.48905703125000005 0.9295375 0.49162968749999997 0.9285083333333334 0.49368828125 0.9213 0.49368828125 0.92164375 0.4970328125 0.9370885416666667 0.50423671875 0.9367447916666667 0.522246875 0.9322833333333332 0.5243046875 0.931940625 0.53768359375 0.9360583333333333 0.541028125 0.9353729166666667 0.5577515625 0.9285083333333334 0.5600671875 0.9257624999999999 0.56469765625 0.919240625 0.56984375 0.5592041666666667 0.58090703125 0.5543989583333333 0.5749890625 0.5506239583333333 0.5608390625
5 0.4952708333333333 0.574690625 0.50451875 0.57050859375 0.5179 0.5682796875 0.5312812499999999 0.5695796875 0.5372281250000001 0.57218046875 0.544909375 0.5758953124999999 0.5530864583333333 0.5838828125 0.5558125 0.58926953125 0.5580427083333334 0.59335625 0.5582906249999999 0.5978140625 0.5587864583333333 0.6037578124999999 0.557546875 0.60784453125 0.5558125 0.6113734375 0.5535822916666666 0.6150890625 0.549865625 0.6176890625 0.5446614583333333 0.62028984375 0.540696875 0.62326171875 0.5349979166666666 0.62456171875 0.5233510416666667 0.6254906250000001 0.5136875 0.6238187500000001 0.5084833333333333 0.622146875 0.5047666666666667 0.62010390625 0.49906770833333336 0.6171320312499999 0.49609375 0.61453125 0.49311979166666664 0.6113734375 0.49064270833333334 0.6084015625 0.4889072916666667 0.60320078125 0.48642916666666663 0.5976281250000001 0.48593437500000003 0.591684375 0.4866770833333333 0.5848117187499999 0.4896510416666667 0.58128203125 0.49386354166666663 0.5771953125
5 0.424434375 0.57500703125 0.4311302083333333 0.57228515625 0.43896145833333333 0.57169765625 0.44496458333333333 0.57169765625 0.451490625 0.57248046875 0.4580166666666667 0.5748289062499999 0.4621927083333333 0.57815546875 0.4666302083333333 0.58069921875 0.47185104166666664 0.58578671875 0.4768104166666667 0.59126484375 0.4791604166666667 0.59615703125 0.47994270833333336 0.60183125 0.47994270833333336 0.60731015625 0.47889895833333335 0.6114195312499999 0.4762885416666667 0.615528125 0.47315625 0.6196375 0.469240625 0.6229640625 0.4632375 0.6260945312499999 0.4580166666666667 0.628246875 0.4525354166666667 0.6298125 0.44496458333333333 0.6300078124999999 0.43582916666666666 0.6298125 0.42930312499999995 0.628246875 0.4217333333333333 0.6255078125 0.41651249999999995 0.62218125 0.4102479166666667 0.61513671875 0.40789895833333334 0.6096585937500001 0.40711562500000004 0.604375 0.4063322916666667 0.59635234375 0.4063322916666667 0.5914609375000001 0.410509375 0.58578671875 0.41390208333333334 0.5812859375 0.4172958333333333 0.578546875
8 0.8428416666666667 0.3767265625 0.84214375 0.40312578125 0.8605083333333333 0.40283281249999997 0.8605083333333333 0.3758859375
7 0.4217666666666667 0.22685312500000002 0.41415208333333337 0.24017890625 0.41584479166666666 0.26270546875 0.6963177083333334 0.2649265625 0.7284677083333333 0.25096640625 0.7271989583333334 0.22939140624999999
7 0.7288708333333334 0.2344734375 0.7340916666666666 0.234021875 0.7381072916666667 0.22950390625 0.9639885416666666 0.23537734375000002 0.96218125 0.2570625 0.9216218749999999 0.2654953125 0.916 0.26639921875 0.7069760416666667 0.2630859375 0.7061729166666667 0.26082734375 0.7288625 0.25103906249999997
7 0.52385625 0.6473578125 0.543453125 0.67658125 0.7692645833333334 0.6651312500000001 0.7697208333333333 0.6446234375000001 0.7355406250000001 0.6244578125 0.5288583333333333 0.632765625 0.52441875 0.6349859375
7 0.756946875 0.62276640625 0.7567531249999999 0.6367125 0.7699239583333333 0.64499296875 0.7706989583333334 0.64804375 0.7923916666666667 0.66097265625 0.9494760416666667 0.651965625 0.9498635416666666 0.63322578125 0.9070572916666666 0.61579375