7 0.12976979166666666 0.41083515625 0.314340625 0.41273671875 0.3156083333333333 0.41717343749999997 0.330390625 0.43365390625 0.327434375 0.44664843750000005 0.15849062500000002 0.447915625 0.128925 0.4323859375
7 0.3378875 0.4130671875 0.5739864583333334 0.41423984375 0.570184375 0.445615625 0.3497135416666667 0.44846796875 0.3391541666666667 0.43579140625
7 0.3859302083333333 0.8656515625000001 0.386353125 0.8450679687499999 0.39268854166666667 0.8235164062500001 0.6418802083333334 0.81622734375 0.6494822916666667 0.8212984375 0.6553958333333333 0.8206640625 0.6566624999999999 0.8171781250000001 0.6583520833333334 0.8149593749999999 0.670178125 0.8149593749999999 0.6760916666666666 0.819396875 0.6925635416666667 0.8371445312500001 0.694675 0.8596468749999999
7 0.37093125 0.8668906249999999 0.122253125 0.8689710937499999 0.12292083333333334 0.84692890625 0.15162708333333336 0.82288359375 0.380278125 0.82037890625 0.3822802083333333 0.8286445312499999
8 0.22278125000000001 0.6917109375 0.018989583333333334 0.027937499999999997
8 0.5541874999999999 0.6057890625 0.02 0.0267578125
8 0.5569479166666667 0.7340078125 0.020916666666666663 0.0288359375
8 0.71984375 0.7101640625 0.022302083333333333 0.02884375
4 0.7540302083333333 0.6695226562500001 0.9011125 0.6689695312499999 0.9718895833333333 0.67616171875 0.9755760416666667 0.6803109375 0.9796302083333334 0.7826570312500001 0.9763125 0.7868062499999999 0.7942104166666667 0.7906789062499999 0.7551354166666666 0.765784375 0.7536614583333333 0.6695226562500001
5 0.5431604166666666 0.46008515625 0.5697010416666667 0.45989296875 0.5826625 0.45780859375 0.5946989583333333 0.46151406250000004 0.61290625 0.46081953125 0.61290625 0.475871875 0.6159927083333333 0.4793453125 0.6141416666666667 0.48814531250000004 0.6135239583333333 0.49972421875000006 0.5968583333333334 0.51408203125 0.5564302083333333 0.5145453125 0.5505666666666666 0.50945078125 0.549640625 0.5031984375 0.5397656249999999 0.50088203125 0.5403822916666667 0.46220859374999995 0.5422343749999999 0.46220859374999995
5 0.6179989583333333 0.45863828125 0.642996875 0.45920859375 0.6553406249999999 0.4568921875 0.6649083333333333 0.45712421875000003 0.6784874999999999 0.45967109375000004 0.6865114583333334 0.45920859375 0.6889802083333334 0.4675453125 0.6933010416666666 0.47356640624999996 0.6957697916666666 0.48468203125000003 0.6920666666666667 0.49626093750000005 0.6815729166666666 0.50668203125 0.6676854166666666 0.51085 0.6328125 0.512934375 0.6183072916666668 0.50205 0.6167645833333334 0.4874609375 0.6189250000000001 0.47032421874999997 0.6167645833333334 0.46221875
1 0.5755645833333334 0.41697578125 0.8330249999999999 0.4142578125 0.8379635416666668 0.41726796874999994 0.8388895833333333 0.43394140625000005 0.8577145833333333 0.43394140625000005 0.8765395833333333 0.42699453125 0.9095614583333334 0.42838359375 0.9114135416666667 0.43023671874999997 0.9138822916666667 0.5029515625000001 0.8592572916666666 0.51291015625 0.844753125 0.51221484375 0.8518197916666667 0.6690750000000001 0.9052104166666666 0.66838046875 0.9718708333333334 0.6764859375000001 0.9774260416666666 0.68204375 0.9798947916666666 0.7822640625 0.975265625 0.78735859375 0.8549062500000001 0.7901374999999999 0.856140625 0.8380742187499999 0.8336114583333334 0.8385374999999999 0.833303125 0.8410851562499999 0.7669510416666667 0.8426796875000001 0.764790625 0.8399007812500001 0.6922666666666667 0.8424476562500001 0.6938093750000001 0.8593531249999999 0.38586770833333334 0.8646796875 0.38679375 0.8480054687499999 0.37629999999999997 0.8480054687499999 0.3704364583333334 0.86745859375 0.12312916666666666 0.868384375 0.1234375 0.8470796875 0.137634375 0.8338796875 0.14071979166666668 0.7470375 0.1135625 0.7259640625 0.11294479166666667 0.67357734375 0.10893333333333333 0.67357734375 0.108315625 0.66778828125 0.11479687499999999 0.66686171875 0.11387083333333334 0.6504195312500001 0.108315625 0.6504195312500001 0.10985833333333334 0.6453249999999999 0.1135625 0.6453249999999999 0.11263645833333333 0.630040625 0.10985833333333334 0.6284195312499999 0.10985833333333334 0.623325 0.11232812499999999 0.62309375 0.11633958333333334 0.4569609375 0.14102916666666668 0.44005625000000004 0.12806666666666666 0.43218203125 0.12930104166666667 0.41018203125 0.3120010416666667 0.41296171875 0.3150864583333333 0.4168984375 0.337615625 0.41828750000000003 0.33823333333333333 0.41388749999999996 0.5735427083333333 0.41357968749999996