9 0.7104556856187292 0.39540650406504063 0.015965719063545148 0.009036004645760744
9 0.5313210702341138 0.3624390243902439 0.010338628762541806 0.006777003484320558
9 0.5399916387959867 0.2888850174216028 0.004443979933110368 0.014500580720092915
9 0.5488545150501671 0.46128339140534264 0.009924749163879597 0.010998838559814171
8 0.4824540133779264 0.2656155632984901 0.024782608695652176 0.0612137049941928
8 0.4732232441471572 0.5353193960511033 0.02528846153846154 0.06052264808362369
8 0.2917725752508361 0.2971196283391405 0.024025919732441472 0.05834494773519164
4 0.020432692307692308 0.12481184668989546 0.23609489966555186 0.14752903600464576 0.2545497491638796 0.17171254355400697 0.24558570234113714 0.3827659698025552 0.012522993311036788 0.36151393728222997 0.005140886287625418 0.35052148664343785 0.00988670568561873 0.13287282229965156
7 0.35528846153846155 0.006192799070847852 0.7019005016722407 0.02999651567944251 0.7005484949832775 0.07823112659698025 0.6856743311036789 0.10328803716608595 0.3543871237458194 0.07697851335656213 0.3489782608695652 0.04503077816492451
7 0.7190284280936454 0.02966376306620209 0.9939740802675584 0.05722590011614402 0.9903683110367892 0.1017020905923345 0.9498026755852842 0.12300058072009291 0.6960409698996656 0.09856968641114983 0.6937872073578595 0.08729442508710801 0.7014498327759197 0.07413937282229965 0.6996467391304348 0.04970905923344948
7 0.7325263377926421 0.9073495934959349 0.9162203177257525 0.9106178861788619 0.9618060200668895 0.9556335656213706 0.9564080267558529 0.99731475029036 0.7494711538461538 0.9831428571428571 0.727877508361204 0.9331254355400698
7 0.454361204013378 0.8865191637630662 0.7068841973244147 0.9039488966318234 0.7188804347826087 0.9389610917537747 0.7194803511705686 0.9873112659698026 0.44476421404682276 0.968137630662021 0.4399657190635451 0.9181207897793263 0.44356438127090303 0.8889436701509872
0 0.4943616220735786 0.5854651567944251 0.9380664715719064 0.6176684088269454 0.9380664715719064 0.6327421602787457 0.9429966555183947 0.6416492450638792 0.9464477424749163 0.6464454123112661 0.9444757525083612 0.7732032520325203 0.9395455685618729 0.7793693379790941 0.9365873745819399 0.7944436701509872 0.4761204013377927 0.7642955865272938 0.4761204013377927 0.7444256678281069 0.4820363712374582 0.5902613240418119
5 0.32548871237458193 0.7258373983739838 0.36114757525083613 0.73034262485482 0.3870815217391304 0.7601904761904762 0.3822186454849499 0.8502967479674797 0.3619581939799331 0.8480441347270616 0.3518277591973244 0.8514233449477352 0.34169732441471573 0.8542386759581881 0.32224707357859533 0.8514233449477352 0.3173846153846154 0.8457915214866434 0.2979339464882943 0.8457915214866434 0.30117600334448164 0.8125650406504066 0.29996028428093646 0.7979227642276422 0.3007704849498328 0.778211962833914 0.3027968227424749 0.7703275261324041 0.30117600334448164 0.7551219512195122
5 0.4182830267558528 0.7297799070847851 0.46245108695652176 0.7354111498257839 0.47420234113712373 0.7573745644599303 0.47460785953177254 0.7686382113821139 0.4786596989966555 0.7737067363530779 0.4750129598662207 0.7877857142857143 0.4782545986622073 0.8007380952380952 0.47420234113712373 0.8243914053426249 0.47258152173913043 0.8514233449477352 0.45353678929765884 0.8525493612078977 0.44259573578595324 0.8593072009291522 0.4271977424749164 0.8593072009291522 0.41058403010033445 0.8508600464576075 0.3866760033444816 0.849170731707317 0.39153887959866224 0.763006387921022
1 0.1427257525083612 0.003767711962833914 0.17177173913043478 0.00562369337979094 0.1734410535117057 0.002375725900116144 0.25356772575250835 0.009335656213704994 0.2565723244147157 0.012119628339140535 0.3527244983277592 0.018151567944250872 0.35372617056856187 0.00562369337979094 0.7045978260869565 0.030215447154471543 0.700925585284281 0.04552729384436701 0.7049318561872909 0.0478472706155633 0.7166170568561873 0.02975145180023229 0.9953745819397994 0.056663182346109175 0.9896989966555184 0.10213530778164925 0.9676638795986622 0.11373519163763067 0.9619882943143813 0.2817020905923345 0.989364966555184 0.32038385598141694 0.9843570234113712 0.44519918699186994 0.9980455685618729 0.44891114982578395 0.9937052675585285 0.46004703832752614 0.9843570234113712 0.45911962833914055 0.9826877090301003 0.49119976771196283 0.9963762541806019 0.4944477351916376 0.9917019230769231 0.5037276422764227 0.9843570234113712 0.5051196283391406 0.9833557692307692 0.5408472706155634 0.9933712374581939 0.5436312427409988 0.9890313545150501 0.5524477351916377 0.9826877090301003 0.5547677119628339 0.9696672240802675 0.8941666666666668 0.9399535953177258 0.9312862950058072 0.9586496655518395 0.9461341463414634 0.9586496655518395 0.9892862950058071 0.7489849498327759 0.9827903600464576 0.743309364548495 0.9693339140534263 0.7216082775919732 0.9670139372822301 0.7206066053511706 0.9851103368176538 0.4445196488294314 0.9656219512195121 0.4428507525083612 0.950774099883856 0.10970693979933109 0.9340702671312427 0.11170986622073578 0.8899907084785134 0.10570066889632107 0.8885987224157955 0.09167851170568561 0.9053025551684089 0.049611622073578596 0.9001986062717771 0.05895986622073579 0.7350150987224158 0.09401546822742475 0.7067113821138212 0.11638419732441473 0.7094953542392567 0.12907065217391306 0.3698908246225319 0.008905936454849498 0.3596829268292683 0.004565635451505017 0.35133101045296167 0.011576505016722407 0.13246515679442508 0.01792015050167224 0.12643321718931474 0.13677466555183948 0.13524912891986063