6 0.7034197324414715 0.5312478235635519 0.011496655518394648 0.014027858386535114
6 0.5824456521739131 0.3844747533372026 0.01274247491638796 0.005269878119558909
6 0.744059364548495 0.3947417295414974 0.015903010033444815 0.0062042948345908296
8 0.8609322742474916 0.3879338363319791 0.02329849498327759 0.05791062100986651
8 0.47316471571906354 0.5350551363900174 0.02475752508361204 0.06189785258270459
8 0.48256270903010035 0.26497388276262335 0.024707357859531775 0.06208357515960534
8 0.29041806020066885 0.2968543238537435 0.024280936454849498 0.061746952988972724
7 0.3564933110367893 0.005240278583865351 0.702501254180602 0.02906674405107371 0.7004042642140468 0.07567034242600115 0.682369983277592 0.1036326175275682 0.3581705685618729 0.07974811375507836 0.3493632943143813 0.05178583865351132
7 0.7187529264214048 0.02998607080673244 0.995244983277592 0.0576053395240859 0.9902123745819399 0.10304410911201392 0.949949414715719 0.12168543238537434 0.6970489130434783 0.10129657573998839 0.6928549331103678 0.09081079512478236 0.7004042642140468 0.07333430063842136 0.7004042642140468 0.05003250145095763
7 0.7340614548494984 0.900166569936158 0.9232123745819398 0.9147307022634938 0.960119983277592 0.949100406268137 0.9571839464882942 0.9910441091120139 0.7516764214046823 0.9828879860708067 0.7281897993311036 0.9351195589088799 0.7286091137123746 0.9065745792222867
7 0.4482378762541806 0.8902576900754497 0.7042838628762541 0.9052704585026117 0.7223181438127091 0.9402228670922809 0.7218988294314381 0.9874091700522345 0.44299498327759196 0.9664376088218224 0.4404786789297659 0.9215815438189204 0.44299498327759196 0.8912890307603019
5 0.3267153010033445 0.7276279744631456 0.37033361204013376 0.7311236215902497 0.38836789297658864 0.7614161346488683 0.38291555183946485 0.8487974463145677 0.3619452341137124 0.8487974463145677 0.35313795986622076 0.8534579222286709 0.334684364548495 0.8563708647707488 0.31916638795986624 0.8517103888566454 0.31790802675585283 0.8458850841555426 0.3002930602006689 0.8464677887405687 0.299873745819398 0.8138450377248985 0.2990346989966555 0.7981160766105629 0.299873745819398 0.7719019152640744 0.30322909698996653 0.7526778874056878 0.3229410535117057 0.729376088218224
5 0.4189882943143813 0.726733604178758 0.45851045150501674 0.7335664538595472 0.4749155518394649 0.7625676146256529 0.4771525919732441 0.7744788160185722 0.4752884615384616 0.7869077190946024 0.47864423076923074 0.8008908879860708 0.4749155518394649 0.8195345327916425 0.47305142140468226 0.8314457341845618 0.47044147157190636 0.849053395240859 0.45664590301003344 0.8516430644225189 0.438003762541806 0.8609645966337783 0.41339548494983275 0.8516430644225189 0.38916053511705684 0.8480179918746372 0.3913975752508361 0.7620499129425421 0.41563252508361204 0.7294230992455021
0 0.4877767558528428 0.5866575739988392 0.9336070234113713 0.6135734184561811 0.9407976588628763 0.6189001741149158 0.9364832775919734 0.634881021474173 0.9475091973244147 0.6468665118978525 0.9460710702341137 0.7700510737086477 0.9369623745819398 0.7760435287289611 0.9350451505016723 0.7926900754497969 0.9197048494983279 0.7980168311085316 0.47483319397993307 0.7647237376668601 0.4820238294314381 0.5949291932675567
4 0.022658026755852843 0.12726871735345327 0.23648620401337792 0.14988334300638423 0.2543954849498328 0.17099013348810213 0.2446266722408027 0.37828961114335463 0.05250710702341137 0.3639669181659896 0.004748745819397993 0.3571828206616367 0.01343227424749164 0.13254556006964596
1 0.1432755016722408 0.0038810214741729545 0.16843603678929767 0.006872315728380731 0.17332859531772574 0.0020185722576900756 0.2544013377926421 0.00978467788740569 0.35294690635451503 0.022404526987811958 0.35364590301003346 0.004930934416715032 0.7025041806020067 0.031141613464886822 0.7025041806020067 0.04376146256529309 0.7150844481605351 0.031141613464886822 0.9939477424749165 0.05832269297736506 0.9890551839464884 0.10006616366802089 0.970883779264214 0.11656877539175857 0.9610990802675585 0.2815995356935578 0.9876571906354515 0.3184886825304701 0.9848616220735786 0.4446883343006384 0.9946463210702341 0.4514840394660476 0.9904531772575251 0.45925014509576323 0.9834640468227425 0.48060708067324437 0.9918507525083612 0.49613929193267553 0.9820660535117056 0.5058467788740568 0.9799694816053511 0.5310870574579222 0.9890551839464884 0.5456482878699942 0.982765050167224 0.5582687173534533 0.9673892140468227 0.8953337202553686 0.9429276755852843 0.9302814857806152 0.9604000836120401 0.950667440510737 0.9569055183946489 0.9904689495066744 0.7542232441471572 0.983673824724318 0.7437395484949834 0.966200232153221 0.7220735785953177 0.9691125943122461 0.7220735785953177 0.9856152060359837 0.4439092809364548 0.9720243760882182 0.44181270903010034 0.9535798026697621 0.11123076923076924 0.9331938479396402 0.11542433110367895 0.8904799767846779 0.10494063545150502 0.8865972141613465 0.0902633779264214 0.9040708067324433 0.04902801003344482 0.8982460824143935 0.06090969899665552 0.7380696459663377 0.09166137123745818 0.7050632617527569 0.11891847826086956 0.7099170052234474 0.1287031772575251 0.37111897852582704 0.0035819397993311036 0.3567417295414974 0.012667642140468227 0.12861114335461404 0.017560200668896322 0.12861114335461404 0.13357817725752508 0.13540684852002322