9 0.5467767558528428 0.4617933836331979 0.012809364548494984 0.014724318049912944
9 0.4926254180602006 0.3816192687173534 0.01375 0.008670922809053976
9 0.42561036789297657 0.25496807893209517 0.005464046822742475 0.016221706326175277
8 0.48141722408026755 0.2645850261172374 0.023829431438127092 0.06030179918746373
8 0.4734322742474917 0.535699361578642 0.021989966555183947 0.059245502031340685
8 0.28991638795986624 0.29703424260011607 0.023214882943143812 0.06047591410330819
8 0.8612290969899665 0.3883401044689495 0.024096989966555186 0.060348229831688915
0 0.49144648829431437 0.5831625072547881 0.9359903846153846 0.6176442251886245 0.9403532608695652 0.6277446314567615 0.9350204849498328 0.6385182820661636 0.9437466555183947 0.6418850841555427 0.9471400501672241 0.6519854904236797 0.9432621237458193 0.7758821822402786 0.9388988294314381 0.7779024956471271 0.9374443979933111 0.794062681369704 0.9335664715719063 0.797429483459083 0.47787249163879597 0.7704950667440511 0.4739941471571907 0.7583749274521184 0.4773875418060201 0.7536616366802089 0.48368979933110373 0.5907103888566454
5 0.3242420568561873 0.7240928612884504 0.37026379598662207 0.7322536273940801 0.3877955685618729 0.7626929773650609 0.3834126254180602 0.8495844457341846 0.3630915551839465 0.8479239698200812 0.355122491638796 0.8534585026117237 0.3423720735785953 0.8573325594892629 0.32444147157190634 0.856225769007545 0.3180660535117057 0.8479239698200812 0.2993386287625418 0.8446035983749274 0.3009326923076923 0.8136105629715613 0.29854180602006686 0.7975600696459663 0.30133110367892973 0.7798502611723738 0.3037219899665552 0.7693343006384215 0.3033235785953177 0.7538380731282647
5 0.4185129598662207 0.7277121300058038 0.4605769230769231 0.7346860127684272 0.4735196488294315 0.7616517701683111 0.476925585284281 0.7725327916424841 0.47658528428093644 0.7819947765525246 0.4759038461538462 0.7886181079512479 0.4786287625418061 0.7961874637260592 0.4776070234113712 0.806595473012188 0.4759038461538462 0.8155838653511317 0.4745418060200669 0.8255188624492165 0.4728386287625418 0.8524852002321532 0.45683026755852846 0.8524852002321532 0.44933695652173916 0.857215902495647 0.43707566889632105 0.8591085316308763 0.42208904682274245 0.8562698781195589 0.4128929765886288 0.8524852002321532 0.390753762541806 0.8491735345327917 0.3914352006688963 0.7602327336041788 0.41629891304347827 0.7294817179338363
4 0.020471571906354517 0.1253203714451538 0.23522993311036788 0.14709402205455602 0.253556856187291 0.17255020313406846 0.24536831103678933 0.37836448055716776 0.14866346153846155 0.37132327336041787 0.010235785953177258 0.35561636680208936 0.0051668060200668895 0.35236680208937904 0.01140551839464883 0.13572025536854324
7 0.3561559364548495 0.005673244341265235 0.7026082775919732 0.030784677887405687 0.7000443143812709 0.07930818340104469 0.6817759197324414 0.1033476494486361 0.35454515050167223 0.07797272199651771 0.3506994147157191 0.04681079512478236 0.35262249163879594 0.004520023215322112
7 0.7191220735785954 0.029588508415554268 0.9932299331103679 0.05792687173534533 0.9897044314381271 0.10155310504933256 0.9493214882943144 0.1211404526987812 0.6958060200668896 0.09977248984329656 0.6938829431438127 0.08908821822402786 0.7015748327759197 0.07706906558328497 0.7015748327759197 0.051248984329657576
7 0.7392056856187291 0.8999558908879861 0.9256479933110369 0.9139791062100987 0.9603114548494983 0.9485699361578642 0.9559364548494983 0.9925101567034242 0.7523306856187291 0.9808241439349972 0.7260806856187292 0.9354817179338364 0.7291095317725752 0.9018253047011028
7 0.4471747491638796 0.8860597794544399 0.7040376254180601 0.9022205455600697 0.7198549331103679 0.9391485780615206 0.7208645484949833 0.9821538015089959 0.4428841973244147 0.9643905977945444 0.4415380434782609 0.9199831688914685 0.44389381270903017 0.8895995356935578
1 0.13467516722408027 0.1357388276262333 0.1414828595317726 0.005522344747533372 0.17344983277591974 0.007166569936157865 0.17344983277591974 0.0011369704004643064 0.25593227424749165 0.01210040626813697 0.2646149665551839 0.012648287869994196 0.3534117892976589 0.02032269297736506 0.35301714046822746 0.004426001160766106 0.7013277591973244 0.03018978525827046 0.7013277591973244 0.043893789901334884 0.7064581939799331 0.04663493905977946 0.7190869565217392 0.028544979686593152 0.994683110367893 0.05650203134068485 0.9899473244147158 0.09871038885664539 0.9678465719063545 0.11131863029599535 0.9611375418060202 0.27960591990713873 0.9891580267558527 0.3179773650609402 0.9848168896321069 0.4483163087637841 0.9950777591973244 0.4483163087637841 0.99389381270903 0.4576349390597795 0.9844222408026755 0.460376088218224 0.9824489966555184 0.49326581543818926 0.9934991638795986 0.49381427742309925 0.9919205685618729 0.5031329077190946 0.9828436454849498 0.5053255948926292 0.982054347826087 0.5393122460824143 0.9895526755852844 0.5409564712710389 0.9883687290969899 0.5508235635519443 0.9816596989966556 0.5552089378990134 0.9690309364548495 0.8972153221125944 0.9402211538461539 0.9279129425420778 0.9603482441471571 0.9514840394660475 0.9575857023411372 0.9931445153801509 0.7519715719063544 0.9821810795124782 0.7444732441471572 0.9684770748694138 0.7207938963210702 0.9668328496807893 0.7211885451505017 0.98547011027278 0.4439744983277592 0.9662843876958792 0.44279055183946486 0.9503876958792803 0.11208152173913043 0.9344910040626814 0.11168687290969899 0.8900893789901335 0.10458319397993311 0.8873482298316889 0.09116471571906355 0.9054381892048752 0.05057483277591973 0.8999564712710388 0.058862458193979936 0.7333134068485201 0.0920133779264214 0.7053569355774811 0.118060618729097 0.7075496227510156 0.12911078595317727 0.3685467208357516 0.008741638795986622 0.3570348229831689 0.004400501672240802 0.349360417875798 0.012293478260869566 0.1321479976784678 0.0178185618729097 0.1239257109692397