1 0.2406842560553633 0.291670650921659 0.24353265570934257 0.23392655529953918 0.2528688365051903 0.2332943548387097 0.2530271410034602 0.22655054723502302 0.29828395328719726 0.22254637096774194 0.3000246539792388 0.22781509216589862 0.32170361159169547 0.22402160138248847 0.3218618079584775 0.200207517281106 0.32391900951557095 0.19641402649769585 0.5546586288927335 0.16799049539170507 0.5664512326989619 0.18734173387096775 0.567714749134948 0.1626620103686636 0.5700311418685121 0.16154017857142855 0.5715071366782006 0.16377620967741935 0.7958530493079585 0.13863594470046084 0.7972209126297577 0.14136866359447003 0.7994096020761245 0.17525331221198157 0.8057018814878893 0.17980774769585253 0.8107630839100346 0.18745910138248847 0.8119598832179931 0.19350144009216588 0.8119598832179931 0.34230385944700464 0.8385259515570934 0.37753902649769583 0.8299985942906575 0.856979982718894 0.7999340397923875 0.8898941532258065 0.7975289792387543 0.9175580357142857 0.7886735510380624 0.9255659562211982 0.7811300821799307 0.9245468029953917 0.7798225562283737 0.9434717741935483 0.7811345155709343 0.9434717741935483 0.7759634515570933 0.9475580357142857 0.5952444852941177 0.9092831221198157 0.5964217128027681 0.8897736175115207 0.584257785467128 0.8873348214285715 0.570921929065744 0.9042315668202765 0.3693645112456747 0.8575584677419356 0.36884137110726645 0.8558165322580645 0.3693645112456747 0.8417069412442396 0.21319550173010382 0.8080809331797235 0.21398032006920417 0.7870036002304148 0.18325140570934256 0.7802101094470046 0.15343274221453287 0.7882230702764977 0.13315960207612457 0.7833456221198156 0.13198237456747405 0.7795133928571428 0.1374757785467128 0.6784819988479263 0.14022253460207612 0.6751722350230415 0.2086281358131488 0.668901353686636 0.22026892301038062 0.6702983870967741 0.23033488321799309 0.4585015841013825 0.12413213667820068 0.4428243087557604 0.12007753027681661 0.4355082085253456 0.12007753027681661 0.43097926267281106 0.1230857482698962 0.4301082949308756 0.1325030276816609 0.30539372119815666 0.13368014705882353 0.30243245967741933
7 0.32400346020761245 0.19683611751152072 0.32136634948096887 0.20018850806451613 0.3218458044982699 0.22557128456221198 0.34694409602076126 0.24718274769585252 0.35023842993079585 0.2467838421658986 0.3553294766435986 0.2488778801843318 0.363939446366782 0.2563561347926267 0.5776024005190312 0.23517828341013824 0.5786265138408304 0.21705774769585254 0.5653130406574395 0.1948492223502304 0.5661908520761245 0.18744513248847924 0.5541939878892733 0.16796054147465436
7 0.5699379325259516 0.16173905529953916 0.5677448096885813 0.1633211405529954 0.5654603157439447 0.194963133640553 0.5867518382352941 0.23366114631336404 0.5893087153979238 0.2353650633640553 0.799846669550173 0.21662327188940092 0.7982018814878893 0.16891690668202766 0.7967397275086505 0.14079449884792627 0.7957345371972319 0.13933410138248847 0.5710416306228374 0.1638096198156682
7 0.7798386678200693 0.9436792914746543 0.780827097750865 0.9436792914746543 0.7753908953287196 0.948023185483871 0.5951166738754325 0.909323012672811 0.5977853589965398 0.8724657258064517 0.6190337370242214 0.8436432891705069 0.7856780925605537 0.8758934331797235
7 0.595746107266436 0.8393794642857143 0.5977605968858132 0.8449241071428572 0.5962833044982698 0.8713950172811059 0.5709009515570934 0.9051991647465438 0.3693303416955017 0.8576229838709677 0.36865884515570935 0.8563709677419356 0.3704047361591696 0.8277537442396313 0.3729564230103806 0.8225668202764977 0.3785968858131488 0.8222091013824885 0.41793393166089965 0.8039012096774194
0 0.7786373269896193 0.617487039170507 0.7812240484429066 0.6220609158986176 0.7794918901384082 0.6787872983870967 0.7767407006920415 0.6815012960829493 0.7771483564013841 0.7099988479262673 0.7794918901384082 0.7133941532258065 0.7796957179930796 0.7494883352534563 0.7754160899653979 0.7550521313364056 0.7784729671280277 0.7602088133640553 0.7831600346020761 0.7604802707373272 0.7804089532871972 0.7640084965437788 0.774804714532872 0.7693009792626728 0.41340354671280277 0.721442396313364 0.4105163278546713 0.7142328629032257 0.4121403546712803 0.7106280241935483 0.4121403546712803 0.7079844470046083 0.41057417820069203 0.70606883640553 0.40338181228373704 0.7046075748847926 0.4069169550173011 0.6125508352534562 0.4132560553633218 0.6086543778801844 0.413377919550173 0.6054072580645162 0.4167913062283737 0.6044331797235023 0.419838884083045 0.6010237615207373 0.419838884083045 0.5971273041474655 0.4161817690311419 0.5961532258064516 0.4163036332179931 0.5916074308755761 0.42276459775086506 0.5891720910138248 0.7768823529411765 0.6164439804147466
4 0.3006209991349481 0.32491892281105994 0.29545220588235294 0.45075619239631337 0.28924956747404845 0.4557127016129032 0.22925659602076123 0.4584320276497696 0.12476286764705882 0.44054550691244243 0.12247967128027681 0.4380413306451613 0.1201964749134948 0.4366104550691244 0.12100237889273356 0.43124452764976956 0.12288256920415223 0.42999236751152076 0.1325524437716263 0.30408194124423965 0.13389554498269898 0.30157776497695854 0.24013786764705883 0.2920979262672811 0.24671875000000001 0.2956752592165898
8 0.43282904411764705 0.3505741647465438 0.44651351643598614 0.35098358294930876 0.44820480103806226 0.3554886232718894 0.4474359861591695 0.3880478110599078 0.44482212370242213 0.39091474654377883 0.43298280709342557 0.390709965437788 0.4312914143598616 0.3868192684331797
8 0.314351535467128 0.38359591013824884 0.32713246107266436 0.3837985311059908 0.32621950692041524 0.41865250576036867 0.3244510164359862 0.4214218029953917 0.3132864403114187 0.42088148041474654 0.3130284385813149 0.4189942396313364
8 0.42523907871972316 0.5368881048387096 0.42655503892733565 0.5359533410138249 0.4399781574394464 0.536420650921659 0.44120642301038066 0.5406270161290323 0.4399781574394464 0.5750953341013825 0.43506509515570935 0.5762638248847927 0.4241863105536332 0.5762638248847927 0.4233967344290657 0.5736932603686636
8 0.7147843858131487 0.41405616359447006 0.7327179930795849 0.4142569124423963 0.7328687283737024 0.45720794930875575 0.7297039359861591 0.46021846198156685 0.7153872188581315 0.45961635944700463 0.7146336505190312 0.4552008928571428