4 0.12476535467128026 0.18059576612903225 0.12873042820069205 0.17813148041474652 0.27992906574394466 0.18270794930875575 0.2836297577854671 0.18552433755760367 0.3053051470588235 0.2759982718894009 0.2878591046712803 0.3925228974654378 0.2825724480968858 0.3946352246543779 0.13560304930795847 0.3879464285714286 0.0919879974048443 0.3104979838709677 0.09225237889273356 0.29958482142857146
7 0.37629108996539795 0.12919412442396314 0.3727474048442907 0.1513163882488479 0.3769554498269896 0.18730198732718895 0.37739846453287196 0.17904305875576038 0.3796132136678201 0.17461851958525346 0.38160650951557096 0.1743235887096774 0.38249243079584777 0.17904305875576038 0.3880294117647059 0.21473358294930875 0.3948952205882353 0.2144386520737327 0.3966670631487889 0.2108990495391705 0.3964456098615917 0.19851065668202766 0.39888181228373704 0.19674078341013823 0.40065365484429066 0.1964458525345622 0.40021064013840835 0.17638824884792625 0.4035328719723183 0.17373358294930874 0.406412089100346 0.17963292050691246 0.41106314878892736 0.21325878456221198 0.4190363321799308 0.21709331797235024 0.42169409602076124 0.22594225230414747 0.6134939446366782 0.2324314516129032 0.6234649653979238 0.16458971774193548 0.6232434039792387 0.14128758640552996
7 0.6353205017301039 0.1404448444700461 0.6233794333910034 0.2144035138248848 0.62309169550173 0.2364379320276498 0.8086812283737025 0.24774251152073734 0.83486526816609 0.17627462557603685 0.830836937716263 0.15404867511520737
7 0.6926803633217994 0.8010460829493088 0.7180787197231834 0.7699881912442396 0.9154926470588236 0.7801358006912442 0.9208032006920415 0.8201113191244239 0.8748553200692042 0.8456340725806452 0.6972982266435985 0.8351788594470047
7 0.6877015570934255 0.7679010656682028 0.6898070934256055 0.7709387960829494 0.6894562067474049 0.8073924251152075 0.6705064878892734 0.8347327188940092 0.424164035467128 0.8200110887096774 0.41714565311418683 0.7823889688940092 0.4204793468858131 0.7468701036866359
1 0.2546041306228374 0.1808751440092166 0.2589194420415225 0.1763595910138249 0.3131692257785467 0.18046457373271887 0.315943339100346 0.1931903801843318 0.35354833477508646 0.19483251728110598 0.3529317690311419 0.17800158410138248 0.35354833477508646 0.1738964573732719 0.35786364619377165 0.1747174539170507 0.36002130190311415 0.18128571428571427 0.3627954152249135 0.1964745103686636 0.3778990051903114 0.19565351382488477 0.37327551903114187 0.15172897465437787 0.3757413494809689 0.12997191820276496 0.622879974048443 0.1406451612903226 0.6241128892733564 0.16609677419354837 0.6164070069204153 0.2096108870967742 0.6234964316608996 0.2087897465437788 0.6352094506920416 0.14105573156682027 0.8309525302768166 0.1541919642857143 0.8352678416955017 0.1755384504608295 0.8153441825259515 0.2327824020737327 0.8224087370242215 0.2782027649769585 0.8306912846020762 0.3385470910138249 0.8574877811418684 0.3670972062211982 0.8621082396193772 0.4073476382488479 0.8741284602076124 0.38789429723502306 0.8782365916955017 0.3870838133640553 0.8803667820069204 0.3887049251152074 0.8809753460207612 0.3933654953917051 0.8799103589965398 0.3974183467741935 0.8654556660899655 0.422545650921659 0.8669771842560554 0.43490653801843315 0.8780844506920414 0.41747955069124426 0.8837142084775086 0.4170743087557604 0.8852357266435986 0.4215324020737327 0.8837142084775086 0.42821947004608296 0.8695637975778546 0.452528081797235 0.8709331747404845 0.46590221774193546 0.8811275951557093 0.450704349078341 0.8858442906574395 0.44908323732718897 0.888735294117647 0.45232546082949304 0.8879744809688581 0.45860728686635943 0.8732155060553634 0.4837344470046083 0.9111302984429066 0.7790047523041475 0.9156002378892734 0.7790047523041475 0.9210635813148788 0.8190226094470046 0.8918478589965397 0.8362488479262673 0.8920365484429066 0.8495691244239632 0.8763734861591695 0.869423819124424 0.1253659169550173 0.8222623847926267 0.12259396626297578 0.8132383352534562 0.1293698096885813 0.7603243087557604 0.10700594723183392 0.7571900921658986 0.04911299740484429 0.7079331797235023 0.04838202854671281 0.7015083525345622 0.07660034602076124 0.5714652937788018 0.0794373918685121 0.567956797235023 0.11206347318339101 0.5701159274193549 0.13192279411764704 0.5984537730414746 0.15882396193771628 0.5998801843317972 0.1946049956747405 0.3948519585253456 0.19168414792387542 0.39015149769585256 0.13545674740484429 0.3882065092165899 0.09059147923875432 0.30550907258064514 0.09217614619377164 0.2984740783410138 0.12547339965397922 0.17978384216589863 0.1296713884083045 0.17854133064516128
0 0.467867214532872 0.5073401497695852 0.4618454801038062 0.5303533986175115 0.45765635813148786 0.6429794066820277 0.46106001297577853 0.6687824020737326 0.8498532655709343 0.6904009216589863 0.8697512975778546 0.6705257776497696 0.8749876730103807 0.6628546947004609 0.8726312716262976 0.6586703629032258 0.8694895112456748 0.6586703629032258 0.868704044117647 0.6471637384792627 0.874202205882353 0.6419334677419355 0.8747258866782007 0.6377491359447004 0.8812713019031142 0.6387952188940091 0.8857222102076124 0.6248477822580646 0.8820567690311419 0.5903276209677419 0.8773439662629757 0.5889328917050691 0.8762967128027682 0.5655708525345622 0.8773439662629757 0.5578997695852534 0.8734167387543252 0.5261692108294931
8 0.758696258650519 0.38480155529953913 0.775899329584775 0.3863636232718894 0.7774632352941176 0.4212510080645161 0.7739444204152249 0.4248958813364055 0.7602601643598617 0.42437514400921655 0.7575232482698961 0.38896716589861746
8 0.46607060986159166 0.310488767281106 0.4804419333910035 0.31261535138248847 0.4804419333910035 0.3213876728110599 0.4778471020761246 0.34823646313364054 0.4630765570934256 0.347173099078341 0.46427422145328723 0.31474193548387097
8 0.4541574394463668 0.4815234735023042 0.46961678200692036 0.4823639112903226 0.4689858347750865 0.5061039746543778 0.4633068771626298 0.5229110023041474 0.45242225346020765 0.5210203052995392
8 0.31950973183391 0.32798948732718897 0.33480536332179933 0.32984144585253455 0.3363504541522491 0.33519124423963137 0.3320243295847751 0.3656444412442396 0.315183607266436 0.3650272177419355 0.31363862456747404 0.35947163018433176