6 0.5508904682274247 0.45943122460824143 0.009962374581939798 0.011503192106790482
6 0.560309364548495 0.5282472431804991 0.004523411371237458 0.017208357515960532
6 0.432244983277592 0.272576900754498 0.0037667224080267557 0.014997098084735925
6 0.3217265886287626 0.3304062681369704 0.0071906354515050164 0.014138131166569937
6 0.4365217391304348 0.4518514219384794 0.004552675585284281 0.016889146836912363
8 0.4823453177257525 0.2645734184561811 0.024816053511705686 0.06058038305281486
8 0.28994983277591974 0.2965060940220546 0.02278846153846154 0.05915844457341846
8 0.4720484949832776 0.5356123041207197 0.025301003344481605 0.05777132907719095
8 0.8612583612040134 0.3878932095182821 0.023599498327759198 0.06066744051073709
0 0.48950250836120407 0.5859048171793384 0.9375790133779264 0.6185362739408009 0.9423135451505017 0.6401427742309924 0.9477244983277592 0.6485977945443994 0.9443428093645485 0.7726024376088217 0.9382554347826086 0.79045153801509 0.9287867892976588 0.7970278583865351 0.47428469899665554 0.7679053975623913 0.4824009197324415 0.5941108531630876
7 0.4463858695652174 0.8863685432385374 0.7045794314381271 0.9025681950087058 0.7235167224080268 0.9363876958792803 0.7201350334448161 0.9861775972141613 0.4448641304347826 0.9673888566453859 0.44012959866220736 0.9175989553105048
7 0.7312947324414716 0.9016262333139872 0.9230376254180602 0.9112431804991293 0.9588837792642141 0.9488200812536274 0.9555020903010034 0.9967312826465466 0.7471889632107024 0.979821242019733 0.7268988294314381 0.932849680789321
7 0.7177679765886288 0.03075043528728961 0.995068143812709 0.05532849680789321 0.9903340301003344 0.10136041787579803 0.953135033444816 0.12014915844457341 0.6968014214046823 0.09572431804991294 0.6934197324414716 0.08539059779454439 0.7015359531772576 0.0741172373766686 0.7001831103678929 0.05157109692396982
7 0.3533887959866221 0.002582124201973302 0.7030576923076923 0.0297539175856065 0.7003524247491638 0.07202785838653511 0.6841199832775919 0.1002106790481718 0.35474163879598664 0.08048287869994196 0.3486542642140468 0.044784677887405686
4 0.016061454849498325 0.1262391178177597 0.23622575250836123 0.1441996517701683 0.25401714046822743 0.17302959953569355 0.24314464882943143 0.3823911781775972 0.008895484949832775 0.35973940800928617 0.0034594481605351173 0.35493441671503195 0.012354933110367894 0.137335461404527
5 0.32616973244147157 0.7265600696459664 0.3712650501672241 0.7318491004062682 0.3870794314381271 0.7620516540917006 0.3826316889632107 0.8492286709228091 0.3618754180602007 0.8499152640742891 0.3421074414715719 0.8581520603598375 0.324810618729097 0.850601857225769 0.3134439799331104 0.845796285548462 0.29812416387959867 0.846482878699942 0.3010890468227425 0.8183395240858967 0.2966413043478261 0.799118978525827 0.3001007525083612 0.7812721996517702 0.3015836120401338 0.773721416134649 0.30257190635451503 0.7599924550203134
5 0.4163603678929766 0.7287486941381311 0.4628152173913044 0.7342402785838653 0.473193143812709 0.7575786419036564 0.47566429765886287 0.7713076030179918 0.4761584448160535 0.7843493905977945 0.4786291806020067 0.7994509576320371 0.4761584448160535 0.818670922809054 0.47269899665551834 0.8351456761462565 0.47269899665551834 0.8564248403946604 0.4549080267558529 0.8536790481717933 0.44502382943143814 0.8577980266976205 0.4331634615384615 0.8605432385374346 0.4104301839464883 0.8523064422518862 0.38819147157190637 0.8481874637260591 0.3916509197324414 0.7610110272780035
1 0.1347876254180602 0.13671387115496228 0.1401517558528428 0.006595473012188045 0.17261078595317725 0.006595473012188045 0.17316095317725752 0 0.25293311036789295 0.008887986070806733 0.26393603678929767 0.015765525246662797 0.35141053511705683 0.019586186883343005 0.35416137123745817 0.008887986070806733 0.7007583612040134 0.0318125362739408 0.7029590301003344 0.044803250145095765 0.7183632943143813 0.031048752176436448 0.9920510033444816 0.05473766686012769 0.9898503344481606 0.10364364480557169 0.9678440635451505 0.11357748113755077 0.9612424749163879 0.2793993035403366 0.9893001672240802 0.31989959373186305 0.9854489966555183 0.4451050493325595 0.9931513377926421 0.4496900754497969 0.9931513377926421 0.4580957632037144 0.9848988294314381 0.4657370864770749 0.9848988294314381 0.48866163668020896 0.9937015050167225 0.49477539175856067 0.9881998327759197 0.5062373766686012 0.9839912207357859 0.5369390597794544 0.9911433946488295 0.5430522344747534 0.9900430602006689 0.5499291932675566 0.9823407190635451 0.5621561230412072 0.9713377926421405 0.8937991874637261 0.9438298494983278 0.9289506674405108 0.960334448160535 0.951786999419617 0.954833193979933 0.9968723157283808 0.7496258361204013 0.9808247243180499 0.7430238294314382 0.9708908879860708 0.7237683946488294 0.967834010446895 0.719367474916388 0.988466627974463 0.44295610367892974 0.9663058618688334 0.44295610367892974 0.9487301218804411 0.10934322742474915 0.932683110853163 0.11319397993311037 0.8914184561810795 0.1071425585284281 0.8891265235055136 0.09338879598662207 0.9005885084155543 0.04992642140468228 0.8982959953569355 0.05872909698996655 0.7324741729541498 0.09448871237458194 0.7049645966337783 0.12034615384615384 0.707257109692397 0.13244941471571908 0.37245037724898433 0.007523411371237457 0.3606790481717934 0.003122073578595318 0.35533023795705165 0.0119247491638796 0.13143296575739988 0.016875836120401336 0.1230272780034823