7 0.14662586505190311 0.056370967741935486 0.32485456314878897 0.06793145161290323 0.33054876730103805 0.11649078341013826 0.32978957612456744 0.15038119239631337 0.16883326124567472 0.1427937788018433 0.14415830449826988 0.09069369239631336
7 0.34544863754325256 0.06774625576036866 0.5756844723183391 0.08640380184331799 0.5749251730103807 0.12282330069124424 0.5593610510380622 0.16834763824884794 0.3532306444636678 0.15064372119815667 0.34563840830449827 0.1000610599078341
7 0.3886296496539792 0.7875495391705069 0.6490447664359862 0.7817010368663594 0.6790342776816609 0.8059807027649769 0.6801731185121107 0.8413885368663594 0.3783800821799308 0.848470190092166 0.3817966046712803 0.8110390264976958
7 0.11246064013840831 0.8071404089861751 0.14093166089965398 0.7892936347926267 0.37211645761245676 0.7857527361751152 0.372496107266436 0.814584965437788 0.3641445717993079 0.8530277937788019 0.11246064013840831 0.8484753744239631
8 0.2236505190311419 0.5583208525345622 0.019377162629757784 0.049945276497695854
8 0.5452184256055363 0.42937788018433176 0.01805687716262976 0.044265552995391706
8 0.5450713667820068 0.6408438940092167 0.021432742214532872 0.0497854262672811
8 0.6970101643598615 0.6054536290322581 0.01996539792387543 0.0464573732718894
4 0.726296929065744 0.5416574020737327 0.7757687067474048 0.5336039746543779 0.9343135813148788 0.5363424539170507 0.9390112456747406 0.5433843605990784 0.9375431444636677 0.5488614631336405 0.9416536548442908 0.7073045794930876 0.9390112456747406 0.7155200172811059 0.779291955017301 0.7198234447004608 0.7290860726643599 0.7053485023041474
0 0.1498425605536332 0.2283980414746544 0.15731401384083044 0.22913536866359446 0.16063462370242215 0.22176108870967742 0.17447048010380622 0.21918001152073735 0.18581585207612455 0.219917482718894 0.3809018166089965 0.22913536866359446 0.5405609861591696 0.24019700460829493 0.5436048875432525 0.2460964861751152 0.545541955017301 0.2848120679723502 0.5438815960207612 0.36371817396313366 0.5449884299307959 0.38399769585253457 0.5375170847750864 0.3902659850230415 0.4033090397923876 0.3887911866359447 0.23506477076124566 0.3803106278801843 0.1631180795847751 0.37662341589861753 0.15564673442906574 0.3692489919354839 0.15343295847750865 0.36371817396313366 0.15343295847750865 0.35597508640552994 0.15066587370242213 0.34638839285714285 0.14623832179930796 0.3368016993087558 0.14291771193771627 0.32942727534562216 0.14706855536332178 0.23171644585253456
5 0.5412518382352941 0.18594830069124424 0.549833910034602 0.18892857142857145 0.5535841262975779 0.1808564228110599 0.5674310121107267 0.17201555299539173 0.5890666089965398 0.1739375 0.6020480103806228 0.1827783698156682 0.609259839965398 0.2023820564516129 0.6109907006920415 0.2189107142857143 0.6057982266435986 0.2396676267281106 0.6032018814878892 0.24966157834101385 0.602625 0.2592713133640553 0.5861818771626298 0.28118130760368665 0.549833910034602 0.27810627880184335 0.5457953070934256 0.2715717165898618 0.5443529411764706 0.26080889976958527 0.5443529411764706 0.254658698156682 0.5466606833910035 0.24927721774193548 0.5466606833910035 0.24082070852534562 0.5385834775086504 0.238514400921659 0.533967776816609 0.23313306451612903 0.5333908953287197 0.21352923387096776 0.5356986375432525 0.20084447004608294 0.5385834775086504 0.1904660138248848 0.5388718641868512 0.1896972926267281
1 0.6006056444636678 0.12281394009216591 0.8025383866782007 0.14357085253456223 0.80311526816609 0.15164300115207374 0.8264818339100346 0.15318058755760366 0.8512906574394463 0.12665783410138248 0.878984320934256 0.13203931451612902 0.8805709342560554 0.13511434331797237 0.8850422794117647 0.24773977534562214 0.8804266868512111 0.2558117799539171 0.8261933391003461 0.29501929723502307 0.8083078503460207 0.2919441244239631 0.8185559039792387 0.5345014400921659 0.9353884083044982 0.5364232430875576 0.9394271193771626 0.5441110311059908 0.9376962586505191 0.5521831797235023 0.9421892301038062 0.7056797235023041 0.9393044982698963 0.7145205933179724 0.8181448961937716 0.719517569124424 0.8167025302768166 0.825277073732719 0.7979515570934256 0.8241238479262674 0.7630460640138408 0.827967741935484 0.7399679930795848 0.8283521025345623 0.722371107266436 0.8271990207373271 0.6805421712802768 0.8298896889400922 0.6799651816608997 0.8429588133640553 0.3791214316608996 0.847955789170507 0.38085229238754326 0.8302740495391705 0.3693133650519031 0.8321959965437788 0.36412078287197236 0.8517996831797235 0.11342128027681661 0.8487246543778801 0.11140192474048442 0.8456494815668202 0.11428665657439446 0.8060577476958526 0.13130676903114188 0.7968323732718894 0.13678773788927334 0.65499366359447 0.10822869809688582 0.6141952764976958 0.11428665657439446 0.5088732718894009 0.10707482698961937 0.5031074308755761 0.10592095588235294 0.4942665610599078 0.11024805363321799 0.4900383064516129 0.11111342993079584 0.4704346198156682 0.10880568771626298 0.4646687788018433 0.10765181660899653 0.4565966301843318 0.11226740916955018 0.45313724078341017 0.11342128027681661 0.43131494815668203 0.10995955882352941 0.4228584389400922 0.11111342993079584 0.4136332085253456 0.11399826989619379 0.41324884792626726 0.12986440311418687 0.16123804723502302 0.15669258217993082 0.1312557603686636 0.1581349480968858 0.11972422235023042 0.14486516003460206 0.08974207949308756 0.14544204152249135 0.05591604262672811 0.32458520761245674 0.06821644585253456 0.3289123053633218 0.10627073732718893 0.34679779411764705 0.1078081797235023 0.34737478373702424 0.0686008064516129 0.5775853157439447 0.08782013248847927 0.5752774653979239 0.12241489055299538 0.6003748918685121 0.123568116359447