9 0.6005309364548496 0.3795531050493326 0.011145484949832776 0.008270458502611724
9 0.5449916387959866 0.4639872315728381 0.007809364548494983 0.010226349390597795
9 0.5640175585284282 0.5152176436448056 0.0052633779264214045 0.013807312826465466
9 0.3901128762541806 0.40426001160766106 0.010961538461538462 0.008253047011027278
8 0.482378762541806 0.2653627394080093 0.025510033444816053 0.062396982008125365
8 0.47189799331103677 0.5338595473012189 0.02684782608695652 0.059489262913522925
8 0.289757525083612 0.2968485200232153 0.023816889632107024 0.06098084735925711
4 0.020069397993311037 0.12643122460824144 0.23128887959866223 0.14390017411491585 0.2534101170568562 0.17016540917005224 0.24449038461538464 0.38043412652350556 0.23271613712374584 0.3814248403946605 0.010793060200668897 0.36011549622751016 0.005441053511705686 0.35416831108531627 0.011506270903010034 0.13363726059199071
7 0.3558979933110368 0.003219384793964016 0.7025196488294314 0.031047591410330817 0.7007353678929766 0.07564944863609982 0.6828959030100334 0.10191468369123621 0.3532219899665552 0.07614509576320372 0.34894063545150505 0.04839233894370284 0.3525083612040134 0.005277423099245502
7 0.7189318561872909 0.02984329657573999 0.9947303511705685 0.0571677307022635 0.9904489966555184 0.10176958792803249 0.9465639632107024 0.12307951247823563 0.6946701505016722 0.10028322692977365 0.6932428929765887 0.08888450377248984 0.7014489966555184 0.07500870574579223 0.7032328595317726 0.0492385374347069
7 0.7369498327759197 0.9027022634939059 0.9221237458193979 0.9126140452698781 0.9631546822742475 0.9497823563551944 0.9567324414715719 0.9924016250725478 0.753005016722408 0.9814991294254208 0.7301705685618729 0.9304550203134069 0.7298139632107024 0.9061717933836332 0.7408741638795987 0.9036935577481138
7 0.4473252508361204 0.8861329077190946 0.7027872073578595 0.9040621009866512 0.7213403010033445 0.9382565293093441 0.7199130434782608 0.9848409750435287 0.4441141304347826 0.9674956471271038 0.441260033444816 0.9199204875217644 0.4434009197324415 0.8901857225769008
0 0.48996195652173913 0.5830650029019152 0.9220075250836121 0.6093308183401045 0.9412742474916387 0.6167643644805572 0.9394903846153846 0.6331183981427743 0.9444853678929765 0.639065583284968 0.9469828595317725 0.6464991294254208 0.9441287625418061 0.774357515960534 0.9412742474916387 0.7768351712130006 0.939133779264214 0.7917028438769588 0.9302140468227426 0.797153801508996 0.4778666387959866 0.7684109112013929 0.4753691471571907 0.7584991294254207 0.4814343645484949 0.5909941961694719
5 0.3242328595317726 0.7251526407428903 0.36205267558528426 0.7292309924550202 0.3866709866220736 0.7654080092861288 0.38131939799331105 0.8496558328496808 0.36098244147157194 0.847673824724318 0.35670066889632107 0.852629715612304 0.3531329431438127 0.8551073708647707 0.33707734113712373 0.8585763203714452 0.32530309364548493 0.8551073708647707 0.31709698996655517 0.8461868833430064 0.2978302675585284 0.8446999419616946 0.3003277591973244 0.8129831688914684 0.2985438963210702 0.8000986651189785 0.29925752508361203 0.7877092280905398 0.30139841137123746 0.7777974463145676 0.3031822742474916 0.7703639001741149 0.30282566889632107 0.7545055136390016
5 0.41610618729096993 0.7288676726639581 0.4534799331103679 0.7302170632617527 0.47024916387959864 0.7554915844457342 0.4727466555183946 0.767385374347069 0.4766714046822743 0.774323273360418 0.4763147993311037 0.7872083575159605 0.4766714046822743 0.7951375507835171 0.4780986622073579 0.8030667440510737 0.4766714046822743 0.812482878699942 0.4763147993311037 0.8228897272199651 0.473816889632107 0.8313145676146256 0.471319397993311 0.8551021474172954 0.4552637959866221 0.8531201392919326 0.4459874581939799 0.8580754497968659 0.4370677257525083 0.8595623911781777 0.424936872909699 0.8610493325594892 0.41423327759197326 0.8555977945443992 0.4131626254180602 0.8506419036564132 0.3899715719063545 0.8496511897852583 0.39068520066889634 0.7634207777132908
8 0.8611120401337794 0.3880034822983169 0.0248871237458194 0.0608125362739408
1 0.12808110367892978 0.3695130586186884 0.009228678929765886 0.3611178177597214 0.005778846153846154 0.35297156123041207 0.010953595317725752 0.13245502031340683 0.018543896321070234 0.12574637260591992 0.1372232441471572 0.13533023795705165 0.13998327759197324 0.005467788740568775 0.17241346153846154 0.006905397562391178 0.1731032608695652 0.001154962275101567 0.25486789297658863 0.009301218804410911 0.26176797658862877 0.010259431224608241 0.3518127090301003 0.01888508415554266 0.3535376254180602 0.005946604759141033 0.3583678929765886 0.0040301799187463724 0.7028407190635452 0.030459082994776555 0.7021509197324415 0.04435577481137551 0.7073256688963211 0.04435577481137551 0.7187107023411371 0.02902147417295415 0.9941233277591974 0.05585664538595473 0.9910183946488295 0.10090133488102147 0.9675585284280936 0.11431863029599536 0.9616935618729098 0.2785745792222867 0.9896383779264215 0.3212234474753337 0.9851534280936455 0.4471421938479397 0.9923984113712374 0.4500174114915844 0.9955033444816054 0.45145502031340684 0.9948135451505017 0.4615182820661637 0.9848085284280935 0.4605600696459663 0.9844636287625418 0.48116540917005224 0.9844636287625418 0.49218688334300636 0.9958482441471572 0.49506210098665115 0.9930886287625418 0.5046459663377829 0.9830836120401338 0.5046459663377829 0.9830836120401338 0.5357939640162507 0.9913632943143812 0.5420237957051655 0.9899832775919732 0.5516076610562971 0.9817035953177258 0.550648868253047 0.9672136287625417 0.8942275101567033 0.9392688127090302 0.9301677307022636 0.959623745819398 0.9488566453859548 0.9572086120401337 0.9924637260591991 0.7519339464882943 0.9838380731282647 0.7436542642140468 0.9694619849100407 0.7208841973244148 0.9675449796865931 0.7201939799331103 0.9843168891468369 0.44391889632107023 0.9675449796865931 0.4425388795986622 0.949335461404527 0.11313377926421404 0.9325635519442832 0.11313377926421404 0.8889564712710389 0.10519899665551839 0.889435867672664 0.093123745819398 0.9047701683110854 0.049308946488294314 0.9009367382472432 0.058624163879598665 0.7336964596633779 0.09243394648829431 0.7059024956471271 0.11934364548494984 0.709257109692397 0.12727884615384616 0.3673650609402206