7 0.2189701900921659 0.0647881704152249 0.25110915898617514 0.06645339532871973 0.2732740495391705 0.12057006920415224 0.23189962557603686 0.29041338667820066 0.22229493087557603 0.291523464532872 0.19865236175115208 0.2557231833910035 0.170576900921659 0.25600064878892737 0.16281926843317973 0.24295717993079585
7 0.1644815668202765 0.2548677551903114 0.20031480414746544 0.25597783304498267 0.22691258640552997 0.29677357266435983 0.18923228686635946 0.5044196583044982 0.1755640841013825 0.498869160899654 0.17334749423963133 0.5041420847750865 0.17445578917050691 0.5102476211072665 0.18073588709677418 0.5163530493079584 0.18738522465437787 0.5210709342560553 0.18184403801843316 0.5332818987889274 0.17186995967741933 0.5296740916955017 0.16522047811059906 0.5299515570934257 0.16595924539170506 0.5374447448096885 0.1737170218894009 0.5427175605536332 0.17334749423963133 0.5604790224913495 0.1644815668202765 0.5608477508650519 0.15783208525345624 0.5630680147058823 0.15524625576036866 0.5677857915224913 0.13936146313364056 0.5661206747404844 0.08875172811059909 0.5394785899653979
7 0.8616582661290322 0.14043663494809688 0.8926890841013825 0.08187954152249134 0.9292610887096774 0.0832670847750865 0.9414517569124423 0.2203628892733564 0.9277834101382488 0.23923432093425603 0.906726814516129 0.23812424307958474 0.8860396025345622 0.27081887975778546 0.8723713997695853 0.2699862673010381 0.8609194988479263 0.14066111591695502
7 0.9078351094470045 0.23861624134948095 0.9449612615207372 0.2406626297577855 0.9645401785714286 0.4640353589965398 0.9216880760368664 0.4959503676470588 0.8851160714285714 0.49428514273356405 0.8755113767281106 0.28565203287197233
0 0.663090581797235 0.08133131487889274 0.6981687788018432 0.0824647491349481 0.7023178283410139 0.09011548442906575 0.7177824020737327 0.09011548442906575 0.7245717165898619 0.08416490051903114 0.7592727534562212 0.08529833477508651 0.7596499135944701 0.10286667387543252 0.764930443548387 0.10173323961937716 0.764930443548387 0.10768382352941176 0.7754916474654379 0.11391771193771626 0.781903801843318 0.310378892733564 0.7837897465437789 0.44716554930795843 0.7698338133640552 0.45113256920415223 0.7615358582949309 0.4647337802768166 0.7189138824884792 0.46416706314878897 0.7170279377880184 0.45790062716262975 0.698923099078341 0.4567671929065744 0.6747832661290322 0.4559171712802768 0.6725201612903225 0.4630010813148789 0.6227318548387096 0.4587507569204152 0.6200915898617512 0.45790062716262975 0.6212230702764977 0.434381812283737 0.6253721198156682 0.35730806660899656 0.6314071140552996 0.2710738538062284 0.634424539170507 0.15975681228373703 0.6351790034562212 0.1102761678200692 0.6408366935483871 0.10602584342560555 0.6472488479262672 0.10460899653979239 0.6510207373271889 0.09979184688581315
8 0.44750763248847925 0.17097004757785467 0.4885720046082949 0.17435769896193773 0.4854858870967742 0.1892994160899654 0.4446785714285714 0.18543512110726643
8 0.5546694988479263 0.45645642301038064 0.6019920794930875 0.45870361159169554 0.5989058179723502 0.48008574826989614 0.5512403513824885 0.4769943771626297
8 0.33662860023041474 0.6151597102076125 0.3879771025345622 0.6185882352941177 0.3839135944700461 0.6410675821799308 0.331456797235023 0.6369047361591695
8 0.3264697580645161 0.4483849480968858 0.3722770737327189 0.44970912629757787 0.3693217165898618 0.4713557525951557 0.3224061059907834 0.46830298442906576
4 0.19479464285714285 0.6443714316608996 0.405005616359447 0.6542173442906575 0.41265394585253456 0.6592449178200692 0.38923084677419356 0.8718407223183391 0.3863626152073733 0.8980012975778547 0.37393404377880185 0.9005151384083044 0.15308712557603688 0.8843549956747405 0.148306883640553 0.8775317906574395
5 0.7741754032258065 0.5362482698961938 0.7485568836405531 0.5206460856401385 0.7472085253456221 0.4770895328719723 0.7575457949308756 0.4683107698961938 0.7746248559907833 0.4551425173010381 0.7872093894009216 0.45007774653979243 0.8065357142857142 0.4450130839100346 0.8290082085253456 0.44568836505190307 0.8456378168202765 0.4510907223183391 0.8559750864055299 0.4571683607266436 0.8690090725806452 0.46864835640138414 0.8712563364055299 0.48620609861591696 0.8654134504608294 0.5014001946366782 0.8546267281105991 0.5108543468858132 0.8559750864055299 0.5355025951557094 0.8465367223502304 0.5405673659169551
1 0.9455276497695853 0.591509839965398 0.9547413594470047 0.8053931660899654 0.9592358870967742 0.8094449610726644 0.9596853398617512 0.8543520761245674 0.782153081797235 0.8486120242214533 0.7484444124423963 0.833417928200692 0.7479949596774194 0.8087696799307958 0.41616705069124427 0.7929001946366782 0.4058297811059908 0.8753237456747405 0.38021111751152076 0.8972708693771626 0.3608847926267281 0.8992967128027681 0.15644182027649772 0.8824143598615917 0.14700345622119815 0.8776872837370242 0.16453197004608294 0.7743671064013841 0.08138392857142857 0.7672764922145329 0.08902462557603687 0.7321612240484429 0.08048502304147466 0.7284470155709343 0.09801353686635944 0.6531516003460207 0.10430587557603686 0.6534892949826989 0.12722767857142858 0.5590888840830449 0.08767626728110599 0.5381547361591695 0.16318361175115206 0.25354833477508654 0.16992525921658985 0.25557417820069206 0.16138580069124425 0.24206833910034603 0.21801627304147464 0.06440581747404844 0.2499272753456221 0.06643166089965398 0.2755457949308756 0.1184293901384083 0.39105400345622116 0.12146820934256054 0.4270099366359447 0.10289759948096885 0.5002701612903226 0.10391057525951558 0.5047646889400922 0.09749524221453287 0.5074612615207373 0.09513170415224914 0.5092590725806452 0.08230114619377163 0.510607430875576 0.07115873702422146 0.511955789170507 0.059678741349480965 0.5182481278801844 0.059003460207612456 0.5231919642857144 0.07048345588235294 0.5204953917050692 0.09445642301038062 0.5276864919354839 0.09749524221453287 0.5312821140552996 0.0995211937716263 0.5407204781105991 0.09681996107266436 0.5434171947004608 0.07757407006920415 0.5447655529953916 0.0681199178200692 0.5456644585253456 0.060691717128027685 0.5555522753456221 0.060691717128027685 0.5542040610599078 0.09749524221453287 0.5622940668202765 0.09884580449826989 0.5658896889400922 0.10188473183391003 0.5735302419354839 0.09749524221453287 0.5757775057603687 0.08500227076124567 0.5780247695852535 0.06440581747404844 0.587013680875576 0.06339284169550173 0.5883620391705069 0.08939176038062284 0.587013680875576 0.09715765570934257 0.5978005472350231 0.10053406141868512 0.6378014112903226 0.1055988321799308 0.64409375 0.10458585640138408 0.648138680875576 0.10188473183391003 0.6634199308755759 0.08230114619377163 0.7000613479262673 0.08162586505190311 0.7059042338709678 0.08837878460207613 0.7202865783410138 0.08905406574394464 0.7247809619815668 0.08331412197231834 0.7589390841013826 0.08432698961937717 0.7584896313364056 0.0995211937716263 0.7638830645161291 0.10120934256055364 0.7715236175115208 0.11100118944636678 0.795344470046083 0.112689446366782 0.840716301843318 0.11370231401384083 0.8676831797235023 0.12957179930795848 0.8915040322580645 0.08230114619377163 0.9281340725806452 0.08331412197231834 0.9407186059907835 0.22073659169550175 0.9267857142857143 0.2386319204152249 0.945213133640553 0.24133315311418688 0.9638989055299539 0.4645260596885813 0.9391792914746544 0.48238300173010384