5 0.5286430579584774 0.2395652361751152 0.5404983780276817 0.23029392281105993 0.5534936202422145 0.22877505760368663 0.5614730752595155 0.23120535714285714 0.5724164143598617 0.23728110599078342 0.5783440743944637 0.24517943548387097 0.5819918901384084 0.2591536578341014 0.5819918901384084 0.2706975806451613 0.5790280060553633 0.2819376440092166 0.5756082396193772 0.2934815668202765 0.5751522491349481 0.30168375576036865 0.5694526384083045 0.3126201036866359 0.5591932309688581 0.32173372695852537 0.5464260380622837 0.32386016705069126 0.5363945717993079 0.3199110023041475 0.5261352724913494 0.3138352534562212 0.5261352724913494 0.2943928571428571 0.5270471453287197 0.2834565092165898 0.5249953503460207 0.27829219470046085 0.5236273788927336 0.2661406970046083 0.5245393598615916 0.25611578341013824 0.5254512326989619 0.24578701036866357
8 0.21040008650519032 0.5705169930875577 0.02094074394463668 0.04795218894009217
8 0.5355103806228373 0.651875 0.021695501730103806 0.0490668202764977
8 0.5296691176470588 0.45678715437788014 0.01835748269896194 0.042296947004608294
8 0.6850346020761245 0.6194988479262673 0.021383001730103806 0.048215725806451615
4 0.7094364186851212 0.5609135944700461 0.755166955017301 0.5112379032258064 0.7653746756055364 0.5123258928571428 0.9123658088235294 0.5183106278801843 0.9168571583044982 0.5259275633640553 0.9393142301038062 0.6782648329493087 0.9352310769896194 0.6875139688940092 0.8764346885813149 0.7196136232718895 0.7269936202422146 0.7201576900921658
7 0.08766425173010381 0.7799471486175116 0.0976693339100346 0.7846654665898617 0.3549447448096886 0.7846654665898617 0.355707071799308 0.8303739919354839 0.3545636894463668 0.8435786290322581 0.11863256920415226 0.8476415610599078 0.10643576989619377 0.8501810195852535 0.09881282439446368 0.8349448444700461 0.08737835207612457 0.8258031394009218 0.0820422794117647 0.8161535138248848
7 0.3717153979238754 0.7811117511520738 0.6842573529411764 0.7800959101382489 0.6884499351211073 0.8161548099078341 0.6831138624567474 0.8232649769585254 0.6469047361591695 0.8405326900921658 0.373621107266436 0.8461192396313364 0.36866619809688583 0.8288516705069124 0.3717153979238754 0.8085367223502304
7 0.16892495674740485 0.11846010944700461 0.3275384948096886 0.1340707085253456 0.3302211288927336 0.19394527649769586 0.3282091262975778 0.22924467165898618 0.1840150302768166 0.21673343894009217 0.16624232266435987 0.14166661866359445 0.16791900951557093 0.11887860023041476 0.17093695934256056 0.11798487903225807
7 0.34832926038062284 0.13297465437788017 0.5481049956747405 0.15516805875576037 0.5494463667820069 0.18108395737327188 0.5363682958477508 0.23112860023041476 0.5316736591695501 0.23514991359447004 0.5269789143598617 0.24140552995391704 0.5249669117647059 0.24498012672811062 0.34925140570934254 0.2293411578341014 0.34623334775086506 0.15695535714285713
0 0.16264770761245675 0.25062845622119817 0.5249594506920415 0.27659302995391705 0.5273754325259515 0.2834915034562212 0.5273754325259515 0.353854982718894 0.5277205882352941 0.3819084101382489 0.5277205882352941 0.3915661002304147 0.5266852292387543 0.404443116359447 0.5235789359861591 0.41686031105990784 0.5187469723183391 0.422838853686636 0.17015451989619376 0.41318116359447005 0.16601286764705883 0.4104218029953917 0.15669398788927336 0.3800688364055299 0.15703914359861593 0.36857157258064516 0.15876481401384085 0.3639726382488479 0.15220717993079586 0.34879622695852536 0.14910088667820068 0.33729881912442394 0.15186202422145328 0.30418663594470047 0.15565862889273355 0.3009673099078341 0.15669398788927336 0.2931491935483871 0.15669398788927336 0.28625086405529954 0.15738429930795847 0.2673951612903226 0.15945512543252596 0.2526785714285714
1 0.16927973615916955 0.1192512960829493 0.327616241349481 0.13252203341013824 0.3294400951557093 0.19115279377880184 0.34722307525951557 0.19358309331797235 0.34631109429065743 0.15925518433179722 0.34881898788927335 0.13464847350230416 0.5480219506920415 0.15500216013824886 0.5496178633217993 0.17960887096774192 0.5420942906574394 0.20937989631336404 0.561245134083045 0.21150648041474654 0.5651208910034602 0.2081647465437788 0.5956710640138407 0.21150648041474654 0.5970389273356401 0.21454435483870968 0.6775124351211073 0.2215313940092166 0.6852639489619377 0.20451944124423962 0.6909635596885814 0.20026641705069126 0.6962072880622837 0.19996255760368664 0.7743096885813149 0.20937989631336404 0.7897797361591695 0.1817642569124424 0.8164153330449827 0.18474668778801845 0.8307403762975778 0.27213292050691246 0.8300688797577854 0.2801856278801843 0.7844078719723183 0.3469248271889401 0.7658300173010381 0.3466265841013825 0.7875414143598616 0.510692396313364 0.9099757785467129 0.5175519873271889 0.9151238105536332 0.5214292914746543 0.9388216911764706 0.6772759216589862 0.9354642084775088 0.6874163306451613 0.8754781574394463 0.7175391705069124 0.815715830449827 0.7187321428571429 0.8282503243944637 0.8421039746543778 0.8219830233564014 0.8492618087557604 0.7915423875432526 0.8486653225806451 0.6266198096885812 0.8594022177419355 0.5648429930795847 0.8599987039170507 0.3831108347750865 0.8644723502304147 0.21245826124567474 0.8665601958525346 0.11243479671280276 0.8635776209677419 0.09788592128027682 0.8346477534562212 0.08378471020761245 0.8254020737327188 0.08221788494809688 0.812875720046083 0.08490387110726644 0.7839458525345623 0.09072339965397924 0.7803667914746544 0.09654292820069203 0.7851388248847926 0.09967657871972319 0.7854370679723502 0.11422545415224913 0.663688220046083 0.09184256055363323 0.6281968605990783 0.10303395328719722 0.5176153513824885 0.10616760380622838 0.489648185483871 0.10191479238754325 0.48219210829493087 0.10213862456747405 0.47473588709677417 0.1050484429065744 0.4717534562211982 0.10907731401384083 0.4723499423963134 0.11176330017301038 0.4580341301843318 0.10795826124567474 0.4493849366359447 0.10661526816608996 0.4425252016129032 0.10728676470588235 0.437455069124424 0.11176330017301038 0.43626209677419353 0.11422545415224913 0.4371568260368664 0.11691133217993079 0.4225427707373272 0.11355395761245674 0.4138935771889401 0.11333012543252595 0.406735599078341 0.11467311851211073 0.40315668202764976 0.11870198961937717 0.40226195276497695 0.13571291089965398 0.2861800115207373 0.14533758650519032 0.22574927995391705 0.16727281574394465 0.20725792050691244 0.17063029844290659 0.20397724654377877 0.1748830017301038 0.1854860311059908 0.16592982266435985 0.1419419642857143