6 0.601814381270903 0.38514219384793963 0.013110367892976588 0.005774811375507834
6 0.5464130434782608 0.5355368543238538 0.0037458193979933115 0.020441091120139292
6 0.5469857859531773 0.4323099245502031 0.011835284280936454 0.004526987811955891
8 0.4822324414715719 0.26607661056297155 0.02379598662207358 0.06251305861868833
8 0.2904515050167224 0.2973940800928613 0.02403846153846154 0.059524085896691815
8 0.47273829431438125 0.5344225188624492 0.02563963210702341 0.05860708067324434
8 0.861383779264214 0.3863203714451538 0.024117892976588628 0.061625072547881604
0 0.4917010869565217 0.5811323273360418 0.9414247491638795 0.616134648868253 0.9393323578595317 0.6357515960533953 0.9497943143812708 0.6524625652930934 0.9456095317725753 0.7701654091700522 0.9388093645484951 0.7774306442251886 0.9361939799331105 0.7992275101567033 0.4764009197324414 0.7679854904236797 0.4737855351170569 0.7585403366221706 0.482678093645485 0.5863459082994776
5 0.32808653846153846 0.7241038885664539 0.3646396321070234 0.7309245502031341 0.3869966555183947 0.7551456761462565 0.3847608695652174 0.8489268717353453 0.3592742474916388 0.8464428322692977 0.3548026755852843 0.8538955310504933 0.33691722408026753 0.8570005803830528 0.3208202341137124 0.8495478816018572 0.31500752508361207 0.8439582124201974 0.3011463210702341 0.8433372025536854 0.2984636287625418 0.809178757980267 0.3006994147157191 0.7818520023215323 0.3024878762541806 0.7731567034242599 0.3015936454849498 0.7588723157283808
5 0.4183628762541806 0.7271538015089959 0.460496237458194 0.7344886825304701 0.47544690635451503 0.7599744631456761 0.4757867892976589 0.7741334881021474 0.4751070234113712 0.7840446894950668 0.4788448996655518 0.7944277423099245 0.4761266722408027 0.8133058618688335 0.47408779264214046 0.8302965757399885 0.4717094481605351 0.8524788160185722 0.4581178929765886 0.8510626813697041 0.4441864548494983 0.8571979106210099 0.4302554347826087 0.8605020313406848 0.4163239966555184 0.852006384213581 0.38982065217391304 0.8477591410330819 0.3925388795986622 0.7613905977945444 0.41326588628762545 0.7307132907719095
7 0.44445861204013376 0.8855171213000581 0.7052922240802676 0.9036825304701103 0.7248336120401337 0.9390858966918166 0.7205857023411372 0.9862907719094602 0.4448833612040134 0.9656384213580964 0.4406350334448161 0.9219744631456761
7 0.7338607859531773 0.9017353453279164 0.9239636287625419 0.9155827045850261 0.9587984949832775 0.9474457341845619 0.9579485785953177 0.9928804410911201 0.7506408862876254 0.9840295995356936 0.7289757525083612 0.930924550203134
7 0.7195234113712374 0.03037260591990714 0.9963942307692307 0.056706906558328496 0.9895969899665552 0.10332153221125943 0.9509393812709029 0.12279338363319792 0.6939285117056856 0.09860127684271619 0.6939285117056856 0.08561984910040626 0.7011505016722408 0.07558908879860708 0.7011505016722408 0.048446314567614626
7 0.35524832775919735 0.00526291352292513 0.7044427257525083 0.030634939059779452 0.7010443143812709 0.07429947765525247 0.6815029264214046 0.10439233894370284 0.35482316053511703 0.07783981427742309 0.34887583612040135 0.050106790481717935
4 0.01646153846153846 0.12473302379570517 0.23715091973244146 0.14738363319791062 0.2549928929765886 0.17157573998839235 0.24564673913043478 0.3780951828206616 0.13137290969899668 0.3680644225188624 0.00562876254180602 0.35626349390597795 0.010726588628762542 0.136172373766686
1 0.1347926421404682 0.13731688914683693 0.14093269230769231 0.004315728380731283 0.17124916387959865 0.009113174695298897 0.1739352006688963 0.003782936738247243 0.3516120401337793 0.021905977945443994 0.35353093645484945 0.005381892048752176 0.7014209866220735 0.03203308183401045 0.7052198996655519 0.04589204875217644 0.7194188963210701 0.029901334881021476 0.9960171404682274 0.05708531630876379 0.9898770903010033 0.10026059199071387 0.9676195652173912 0.11731688914683691 0.9610957357859531 0.27509228090539756 0.9898770903010033 0.3235977945443993 0.9868072742474917 0.44609170052234476 0.9956333612040134 0.4503557748113755 0.9937144648829432 0.46261578641903656 0.9852721571906355 0.46368136970400464 0.9814347826086957 0.49406384213580967 0.9975522575250836 0.4945972141613465 0.9937144648829432 0.5036587347649448 0.9833532608695652 0.5063238537434707 0.9833532608695652 0.5441683110853163 0.9894933110367893 0.5463006384213581 0.9868072742474917 0.5542959953569356 0.9783645484949833 0.5612251886244921 0.9729920568561873 0.7817347649448637 0.9680033444816053 0.8967266395821242 0.9407571070234114 0.929774230992455 0.9595606187290969 0.9473639001741149 0.9572583612040134 0.9921381311665699 0.7519510869565217 0.9830766105629715 0.7442763377926421 0.9697510156703425 0.7220188127090301 0.9670858966918165 0.720867474916388 0.9862745211839815 0.44367433110367893 0.9708171793383633 0.44290677257525085 0.9500290191526408 0.10910994983277592 0.9324393499709809 0.11256396321070233 0.8951276842716193 0.11294774247491639 0.8887312826465468 0.10450501672240803 0.8881979106210098 0.09222491638795986 0.9057881601857226 0.04886120401337793 0.8988583865351132 0.058454849498327764 0.7352199651770169 0.09491137123745819 0.7059036564132327 0.11908779264214046 0.7085687753917586 0.1294489966555184 0.36872199651770166 0.006648411371237458 0.35592977365060946 0.009747491638795985 0.13399709808473592 0.017038461538461537 0.1244022054556007