9 0.6808026755852843 0.4952002321532211 0.010547658862876255 0.01812536273940801
9 0.5529891304347826 0.4528148578061521 0.009443979933110368 0.010847359257109694
9 0.5408026755852843 0.2927161926871735 0.004264214046822742 0.015594892629135229
8 0.4821446488294314 0.2651770168311085 0.023954849498327758 0.06348229831688915
8 0.47265886287625414 0.5345443993035404 0.022433110367892976 0.059367382472431805
8 0.289623745819398 0.297150319210679 0.024464882943143813 0.06112594312246082
7 0.35507441471571904 0.007017411491584445 0.7024498327759198 0.030293673824724317 0.7001852006688963 0.07621590249564712 0.6829749163879598 0.1013784097504353 0.35643311036789294 0.07936099825885085 0.3505455685618729 0.049794544399303545
7 0.7172821906354515 0.030120719674985492 0.9921935618729097 0.05779976784677887 0.989476170568562 0.10246372605919907 0.9469034280936455 0.12573940800928612 0.6946371237458193 0.09994776552524667 0.6919197324414715 0.09051131746952988 0.6991663879598662 0.0779297736506094 0.7018837792642141 0.05591236215902496
7 0.7331337792642141 0.9032025536854325 0.9233524247491639 0.9114793964016251 0.9595844481605351 0.9529982588508416 0.9582257525083612 0.9932588508415554 0.7530614548494984 0.9831938479396402 0.7272462374581941 0.9341259431224609
7 0.45063670568561875 0.8843395240858968 0.7019970735785953 0.9034875217643645 0.7219247491638796 0.9368282066163668 0.72101881270903 0.9884120719674986 0.4429372909698997 0.9651363900174116 0.44112583612040135 0.9166976204294834 0.4429372909698997 0.8877603017991875
0 0.4900392976588629 0.587326175275682 0.9261943979933109 0.6143766686012768 0.9393285953177256 0.6187800348229832 0.9388754180602007 0.6338775391758561 0.9479335284280936 0.6514915844457342 0.9447633779264213 0.7691282646546721 0.9370639632107023 0.7823389437028438 0.9370639632107023 0.7968073128264654 0.473746237458194 0.7691282646546721 0.4832571070234114 0.5917295414973882
5 0.3247153010033445 0.7230179918746372 0.3713658026755853 0.7291863029599536 0.38840008361204015 0.7598369123621591 0.38259280936454854 0.8474875217643645 0.36052591973244147 0.8480255368543238 0.34426588628762544 0.8544782356355195 0.32955434782608695 0.8577045850261172 0.31600459866220737 0.8447991874637261 0.29974456521739135 0.8447991874637261 0.3001316889632107 0.8093087637840976 0.2978089464882943 0.7910255368543238 0.30090593645484953 0.7775821242019733 0.30206730769230766 0.7673650609402206 0.30090593645484953 0.7555351131746953
5 0.41569356187290973 0.7290644225188625 0.45769857859531776 0.7334910040626814 0.4708612040133779 0.7533871154962275 0.4743457357859532 0.767905977945444 0.47589423076923076 0.7765095763203714 0.47550710702341137 0.7867266395821242 0.47821697324414714 0.7964056877539176 0.47705560200668895 0.8152263493905978 0.4747328595317725 0.8254434126523505 0.47202257525083613 0.85501857225769 0.45769857859531776 0.8528676726639582 0.4437612876254181 0.8582449216482879 0.4205330267558528 0.8593203714451537 0.413564381270903 0.8512547881601857 0.38878720735785954 0.8501793383633197 0.38956145484949833 0.760915264074289
4 0.021389632107023413 0.12561114335461404 0.23470484949832776 0.14765815438189203 0.2529005016722408 0.16970516540917005 0.2443833612040134 0.37888392338943705 0.1340480769230769 0.36993964016250724 0.008226588628762542 0.3538073128264655 0.004355351170568561 0.3532698781195589 0.013259615384615384 0.1322611723737667
8 0.8616178929765885 0.3865060940220546 0.022228260869565218 0.06323273360417876
1 0.14072951505016723 0.004660475914103308 0.1717161371237458 0.008147997678467788 0.1717161371237458 0 0.2522805183946488 0.00671329077190946 0.2574448160535117 0.011734764944863611 0.3524698996655518 0.018908299477655252 0.3545355351170568 0.005278583865351132 0.7015313545150502 0.028950667440510735 0.7015313545150502 0.043297156123041206 0.7092780100334448 0.04688392338943703 0.7154749163879598 0.033254788160185726 0.9937972408026756 0.05764364480557167 0.9912148829431437 0.10211781775972142 0.9690079431438128 0.1143122460824144 0.9622943143812709 0.2778630295995357 0.9912148829431437 0.3209024956471271 0.9855342809364549 0.44805107370864766 0.9948298494983276 0.44805107370864766 0.9937972408026756 0.45881079512478234 0.9860505852842809 0.45881079512478234 0.9855342809364549 0.49324260011607657 0.9927642140468227 0.4946773070226349 0.9906985785953178 0.5040023215322113 0.982951923076923 0.5068717353453279 0.9824356187290969 0.5391514799767847 0.9901818561872909 0.544890307603018 0.9870836120401337 0.5534979686593151 0.9814025919732441 0.5585194428322693 0.9679753344481605 0.8972234474753337 0.9395710702341138 0.9302205455600696 0.958679347826087 0.9503058618688334 0.957130016722408 0.9926279744631457 0.7515869565217391 0.9818682530470111 0.7438403010033445 0.9696732443412652 0.723183110367893 0.968238537434707 0.7211170568561873 0.9861717933836331 0.444821906354515 0.9660870574579222 0.44275627090301006 0.948153801508996 0.10996279264214047 0.931655252466628 0.11202842809364548 0.8907672663958212 0.10428219063545151 0.8857463726059199 0.09240384615384616 0.90654846198491 0.04953929765886288 0.8993755078351712 0.057802675585284284 0.7329558908879861 0.09240384615384616 0.707131746952989 0.11874247491638795 0.7078491004062681 0.12855476588628761 0.37095124782356353 0.004092809364548495 0.35660475914103307 0.013388795986622074 0.13256297156123042 0.019069397993311036 0.12539001741149158 0.13681772575250836 0.13901915264074288