1 0.6680735294117647 0.3096663783160323 0.6737545415224913 0.3899235870818916 0.7311068339100346 0.392628892733564 0.7330006487889273 0.3937110726643599 0.7408460207612457 0.475234429065744 0.7204210640138408 0.5073373702422145 0.683087802768166 0.5060746828143022 0.687551686851211 0.5719002306805074 0.6855540657439446 0.5749117647058823 0.3121007785467128 0.5640668973471742 0.3058083910034602 0.5534400230680507 0.306647491349481 0.5355420991926182 0.30413040657439444 0.5246352364475202 0.3058083910034602 0.5084152249134948 0.3086578719723183 0.5075965974625144 0.3111799307958477 0.47225 0.3001217560553633 0.45586764705882354 0.29947491349480965 0.4525049019607843 0.31649783737024223 0.2481914648212226 0.3302134515570934 0.23528258362168397 0.331711937716263 0.22544723183391002 0.3334407439446367 0.22314215686274508 0.3303287197231834 0.20439359861591694 0.33148140138408305 0.19086995386389852 0.3570129757785467 0.19183650519031142 0.4149478806228374 0.1945354671280277 0.41544031141868515 0.19650490196078432 0.41691500865051906 0.2258243944636678 0.42725454152249137 0.22597029988465975 0.4265981833910034 0.20766205305651672 0.4271451124567474 0.19409486735870818 0.5071760380622837 0.19825259515570934 0.5371003460207613 0.19971136101499426 0.5372097750865051 0.2137159746251442 0.5351297577854671 0.23151384083044982 0.5493522923875432 0.2319515570934256 0.5503371539792388 0.23151384083044982 0.5696483564013841 0.23282670126874278 0.569976643598616 0.23311851211072665 0.6146682525951558 0.23494204152249135 0.6169660467128028 0.22633506343713955 0.6189353373702422 0.22385495963091118 0.6259924307958478 0.22407381776239907 0.6711273788927336 0.22721020761245675 0.6758319636678201 0.21167387543252597 0.6910962370242214 0.21269492502883505 0.6920261678200692 0.21393483275663208 0.6936126730103805 0.2423820645905421 0.6948708910034602 0.2634607843137255 0.6787871972318339 0.30876038062283734 0.6679554498269896 0.3084688581314879
4 0.6276198096885813 0.4253901384083045 0.6396777681660899 0.3915167243367935 0.640360294117647 0.3895954440599769 0.6419528546712803 0.3891911764705882 0.64369723183391 0.3879777970011534 0.7310588235294118 0.3922246251441753 0.733106401384083 0.39404469434832756 0.7407629757785467 0.47513869665513264 0.7202112889273357 0.5074933679354094 0.6830514705882352 0.5058757208765859 0.6330739619377163 0.5039564590542099 0.631481401384083 0.5017318339100346 0.6273150951557094 0.42659746251441755
8 0.6072502162629758 0.444232122260669 0.6156464100346021 0.4444057093425606 0.6164924307958478 0.46627450980392154 0.61486526816609 0.4673157439446367 0.6074455017301038 0.4671421568627451 0.6066645761245675 0.4652329873125721 0.606013624567474 0.4459677047289504
8 0.5241109429065745 0.45860092272203 0.5326678200692042 0.4589728950403691 0.5324818339100346 0.4814195501730104 0.5316446799307958 0.48216349480968856 0.5239249567474048 0.4817915224913495 0.52383196366782 0.4798073817762399
8 0.5234855103806229 0.35925057670126875 0.5317642733564014 0.35946280276816606 0.5316051038062284 0.3797004036908881 0.5305968858131488 0.3806908881199539 0.5242813581314879 0.3807618223760092 0.5232201557093425 0.3789218569780854
8 0.35478481833910036 0.4154665513264129 0.3642407006920415 0.4160622837370242 0.3628259083044983 0.43829988465974623 0.35441241349480973 0.4377044405997693 0.3537424307958477 0.4359172433679354
7 0.5898373702422145 0.5607871972318339 0.5980374134948097 0.5359962514417532 0.5971792820069204 0.5192145328719723 0.44032612456747405 0.5136205305651673 0.4399446366782007 0.55570184544406
7 0.4340261678200692 0.5137785467128028 0.43371561418685123 0.5368033448673587 0.4348644031141869 0.5370588235294118 0.4345333044982699 0.5557079008073817 0.3128060121107266 0.5520366205305651 0.3041109429065744 0.5243094002306805 0.3056325692041522 0.5086583044982699 0.3087854671280277 0.5077309688581315
7 0.537155276816609 0.19968194925028834 0.537090830449827 0.21446683967704727 0.533544982698962 0.24506805074971164 0.5272244809688581 0.25048673587081893 0.4281319204152249 0.24670472895040368 0.42748724048442904 0.24524336793540946 0.4266490051903114 0.20750749711649363 0.42710034602076125 0.19418396770472893
7 0.4149751297577855 0.1948102652825836 0.41557028546712804 0.19675057670126875 0.4170255190311419 0.23573010380622836 0.4168931660899654 0.24516637831603227 0.4151072664359861 0.24693021914648214 0.3381232698961938 0.2426089965397924 0.3361390570934256 0.2395222029988466 0.33025237889273357 0.20442301038062283 0.3313107698961938 0.19057727797001153
5 0.5601174307958477 0.25909227220299885 0.5630529844290657 0.2582329873125721 0.5643416955017301 0.2536508073817762 0.5680648788927336 0.24878200692041522 0.5732915224913495 0.24563148788927336 0.5785183823529412 0.2448679354094579 0.582885813148789 0.24553604382929642 0.588255839100346 0.24811361014994232 0.5921937716262976 0.25202768166089967 0.595487240484429 0.25737370242214536 0.5957019896193771 0.26443829296424454 0.5949143598615917 0.272457324106113 0.5931961505190311 0.28343569780853517 0.5931961505190311 0.29212312572087656 0.5928380190311419 0.2963235294117647 0.5849621539792387 0.3046291810841984 0.5800218425605537 0.3050109573241061 0.5781602508650519 0.3017649942329873 0.5746520328719723 0.3020516147635525 0.5711435986159169 0.3039607843137255 0.5674922145328719 0.30386534025374856 0.5591150519031142 0.29431891580161473 0.5595445501730103 0.28878171856978085 0.5594729671280277 0.2729345444059977 0.5585421712802768 0.2671113033448674 0.5594729671280277 0.2623379469434833 0.5596879325259515 0.25985582468281426
5 0.5444156574394464 0.3035651672433679 0.5481682525951557 0.3031162053056517 0.5555477941176471 0.29613350634371394 0.5565594723183391 0.2865320069204152 0.5557858996539793 0.2859766435986159 0.5559048442906575 0.2769307958477509 0.5572735726643598 0.2712970011534025 0.557452205882353 0.2593151672433679 0.5553691608996539 0.252727508650519 0.5493585640138409 0.24645876585928492 0.5439429065743945 0.24415772779700115 0.5386461937716263 0.2439195501730104 0.534361375432526 0.24471309111880046 0.531385813148789 0.24717301038062284 0.5277554065743945 0.25002970011534026 0.5253749999999999 0.2559809688581315 0.523470588235294 0.25994838523644753 0.5226373269896194 0.2648679354094579 0.5228159602076125 0.27399336793540946 0.5248393166089965 0.275421568627451 0.5256725778546713 0.27661188004613607 0.5253155276816609 0.2779607843137255 0.5247203719723182 0.2781986735870819 0.5250774221453287 0.28653056516724335 0.5253749999999999 0.29803633217993075 0.5296598183391004 0.30287658592848904 0.5357301038062283 0.303194059976932 0.5376939878892734 0.30240051903114185 0.538467776816609 0.3012895040369089 0.5412052335640138 0.30121020761245676 0.5427525951557094 0.30216234140715104 0.5434072231833911 0.30351124567474047
0 0.33241327854671276 0.26854181084198386 0.3299656141868512 0.30770674740484427 0.3286926903114187 0.32585322952710494 0.33427378892733567 0.3456969434832757 0.52216803633218 0.3520937139561707 0.5235387110726644 0.34687168396770474 0.5253012543252595 0.33433910034602077 0.5253992214532872 0.33238062283737024 0.5242242647058823 0.33185841983852365 0.5248044982698962 0.32199999999999995 0.5244736159169551 0.31847231833910034 0.5244736159169551 0.3148561130334487 0.5251351643598615 0.31106372549019606 0.5247383217993079 0.2778070934256055 0.5257305363321799 0.2767488465974625 0.5249366349480968 0.274896770472895 0.5220263840830449 0.27383852364475203 0.3343719723183391 0.26458333333333334 0.3327184256055363 0.2663471741637832