0 0.49758854166666666 0.4751015625 0.8298249999999999 0.46591484375 0.8336520833333334 0.46936015624999994 0.8294416666666666 0.47223046875 0.8382447916666667 0.47223046875 0.840925 0.49031640625 0.8382447916666667 0.49232578125000004 0.840159375 0.5040953125 0.8432208333333333 0.5081140625 0.8451354166666667 0.52332890625 0.8390104166666668 0.5270609375 0.8390104166666668 0.5313671875 0.8420729166666666 0.53194140625 0.8436041666666667 0.53194140625 0.8416895833333334 0.536534375 0.8321208333333333 0.53796953125 0.6885864583333333 0.54112734375 0.6848624999999999 0.54586328125 0.49973229166666666 0.54949296875 0.49912708333333333 0.53474609375 0.49670729166666666 0.5206796875 0.49368229166666666 0.48279140624999994
8 0.47184791666666664 0.3530171875 0.4855541666666667 0.35301953125 0.486696875 0.37573984375 0.47040729166666667 0.37573984375 0.4698354166666666 0.3534484375
8 0.33372395833333335 0.37270781249999996 0.35018125 0.3731125 0.3507208333333333 0.3959765625 0.33264479166666666 0.3959765625 0.33210520833333335 0.37452890625
8 0.47648854166666665 0.4546046875 0.49273333333333336 0.45483046875 0.493334375 0.47716562500000004 0.477090625 0.47716562500000004
8 0.7440302083333333 0.38198125 0.7596572916666666 0.3822203125 0.7609333333333334 0.40422578124999997 0.7449875 0.40470390624999997
5 0.37386354166666663 0.55305078125 0.3841885416666667 0.5469203125 0.3949447916666667 0.54401640625 0.406990625 0.54530703125 0.4164552083333334 0.5488562499999999 0.42506041666666666 0.55531015625 0.42979270833333333 0.5607953125 0.430653125 0.56886171875 0.42893229166666663 0.57660546875 0.42290833333333333 0.58273671875 0.414734375 0.58854453125 0.4035489583333333 0.5911257812499999 0.3915020833333333 0.5911257812499999 0.37859583333333335 0.58596328125 0.3717125 0.5791875 0.36784062500000003 0.5698296875 0.3687010416666666 0.5595046875
5 0.45044270833333333 0.54530703125 0.46248958333333334 0.5417578125 0.474965625 0.5417578125 0.484 0.5443390625 0.4926052083333333 0.5495015624999999 0.498628125 0.55595546875 0.5007791666666667 0.56369921875 0.5003489583333333 0.57144296875 0.49475625 0.576928125 0.48529062500000003 0.5843499999999999 0.47238437499999997 0.5888671875 0.453884375 0.58531796875 0.44700104166666665 0.57886484375 0.4401177083333333 0.56950703125 0.4388270833333333 0.56047265625 0.44269895833333334 0.5517601562500001
7 0.37485208333333336 0.26044999999999996 0.618228125 0.2577875 0.618228125 0.27330390625 0.607328125 0.3 0.42023541666666664 0.30183515625 0.41311145833333335 0.30016640625 0.4104427083333333 0.2899890625 0.40599270833333334 0.2899890625 0.4042135416666667 0.29249140625000003 0.4046583333333333 0.3006671875 0.40065416666666664 0.300834375 0.39998645833333335 0.3031703125 0.39620416666666664 0.3031703125 0.3950927083333333 0.3 0.38841875 0.30016640625 0.38686145833333335 0.2908234375 0.38130000000000003 0.29065625 0.3806322916666666 0.295328125 0.381521875 0.30166875000000004 0.3788604166666667 0.30156796875
7 0.615825 0.28070546875 0.6146208333333333 0.29892734375 0.7915177083333333 0.29712031250000004 0.8174197916666667 0.27272421874999997 0.8168166666666666 0.25646015625 0.62686875 0.25691171874999996 0.6210458333333333 0.27227265625 0.6186364583333333 0.27347734375 0.61723125 0.27633828125000004 0.615825 0.27904921875
7 0.483915625 0.60611015625 0.48442708333333334 0.6251109375 0.6975958333333333 0.618009375 0.6963166666666667 0.5984328125
7 0.6972447916666666 0.5998984375 0.7212875000000001 0.59597109375 0.87466875 0.5906890625 0.8765333333333333 0.60902265625 0.7208729166666666 0.6152375 0.697865625 0.61710234375
4 0.311071875 0.41675625 0.1596010416666667 0.418509375 0.13148229166666667 0.3945234375 0.13374479166666667 0.31336015625 0.13891562500000001 0.31045234375 0.29373125000000005 0.3085140625 0.29825625 0.31045234375 0.31174999999999997 0.344228125
1 0.22553854166666668 0.2846140625 0.24788958333333333 0.2846140625 0.2472125 0.27851875000000004 0.3062479166666667 0.27923359375 0.3062479166666667 0.28374765625 0.37478541666666665 0.28274453125 0.37411666666666665 0.2609296875 0.6175375 0.256996875 0.6185427083333334 0.27327265624999997 0.620865625 0.27240156249999997 0.6272541666666667 0.25737343749999997 0.81630625 0.2567203125 0.8171770833333334 0.27305546875000003 0.8012052083333334 0.287865625 0.812040625 0.350840625 0.8360291666666666 0.36698203125 0.8406510416666666 0.39836171875000004 0.8471854166666667 0.3948609375 0.853853125 0.39488046875 0.8534895833333334 0.3993375 0.8420906250000001 0.407159375 0.84199375 0.414240625 0.849621875 0.41253984375 0.85663125 0.41223046874999997 0.85704375 0.41671484375 0.8447989583333333 0.42372578125000004 0.845084375 0.43066953124999996 0.8509239583333332 0.43066953124999996 0.8561947916666667 0.428746875 0.8597552083333333 0.42981484375 0.8594708333333333 0.43440859375 0.8479333333333333 0.44113828125000004 0.8496427083333333 0.44733437499999995 0.8542395833333334 0.47640078125 0.8616291666666667 0.51807265625 0.8676510416666667 0.55584453125 0.8714833333333334 0.57575625 0.872578125 0.5858156250000001 0.8674999999999999 0.5906976562499999 0.8751041666666667 0.59077578125 0.8765625 0.60936953125 0.8561458333333333 0.61085390625 0.8552083333333333 0.61694765625 0.8488541666666667 0.6217914062500001 0.840034375 0.6227875 0.8099666666666666 0.6240609375 0.7454135416666666 0.6267367187499999 0.6985281249999999 0.62839296875 0.6445083333333332 0.6301765625 0.605959375 0.63170546875 0.5590739583333334 0.633234375 0.49180312499999995 0.63540078125 0.223134375 0.64812421875 0.22188125 0.618040625 0.19681145833333333 0.6175703125 0.17383749999999998 0.6128890625000001 0.17768645833333335 0.5407359375 0.2124875 0.5409867187499999 0.22018333333333334 0.5453789062500001 0.22470104166666666 0.5453789062500001 0.22436979166666668 0.4180140625 0.15995416666666668 0.4187671875 0.13117291666666667 0.39517578124999997 0.13395729166666664 0.31315468750000003 0.13819375 0.31071796875 0.22546458333333333 0.30924453125