6 0.6427382943143813 0.3761346488682531 0.013277591973244149 0.005670342426001161
6 0.5696362876254181 0.38257690075449796 0.011626254180602006 0.005856065002901915
6 0.54125 0.36619268717353454 0.012320234113712374 0.005728380731282646
6 0.5141429765886287 0.5352002321532211 0.0036914715719063547 0.016134648868253047
8 0.4818352842809364 0.26504352872896114 0.023858695652173915 0.06228090539756239
8 0.4716095317725752 0.5343528728961114 0.026132943143812707 0.06008705745792223
8 0.28944816053511707 0.2982472431804991 0.024590301003344483 0.06221125943122461
8 0.8623453177257525 0.3878583865351132 0.024427257525083613 0.061166569936157864
0 0.48638419732441474 0.5818322692977365 0.9395802675585285 0.6192762623331398 0.9385627090301003 0.636232153221126 0.9426316889632107 0.6440034822983168 0.9467010869565218 0.6524811375507835 0.9451751672240802 0.7732907719094603 0.93449372909699 0.7845948926291352 0.9339849498327759 0.8015507835171213 0.4721425585284281 0.7641067904817179
5 0.41263210702341135 0.7301375507835172 0.46959949832775916 0.7348311085316309 0.47773745819397995 0.7524933255948927 0.47570275919732447 0.7659164248403947 0.48129807692307697 0.7758073128264654 0.4772286789297659 0.7948827626233315 0.4787545986622074 0.8083058618688335 0.47570275919732447 0.828087637840975 0.471633779264214 0.8535211839814277 0.4563745819397993 0.8528148578061521 0.44518478260869565 0.8612925130586188 0.4207700668896321 0.858466627974463 0.4136492474916388 0.8514016250725478 0.3892345317725752 0.8478694138131166 0.3907604515050167 0.7609709808473593
5 0.32695861204013377 0.7283302379570517 0.3682629598662207 0.7289338363319791 0.3860894648829431 0.7579216482878699 0.3834807692307692 0.8448850841555428 0.3813064381270903 0.8515275681950087 0.36174122073578596 0.8466964596633778 0.34087165551839466 0.8587748113755079 0.31652382943143814 0.847300638421358 0.2982625418060201 0.8448850841555428 0.3000016722408027 0.8098578061520604 0.3000016722408027 0.7941561230412072 0.3021755852842809 0.7760388856645386 0.30304515050167224 0.7712077771329077 0.3021755852842809 0.7579216482878699
4 0.018804347826086955 0.12653685432385375 0.23619690635451504 0.14405049332559489 0.25402341137123746 0.17666163668020893 0.24445777591973247 0.38199071387115496 0.005326086956521739 0.3548148578061521 0.01141304347826087 0.1380110272780035
7 0.355934364548495 0.0038862449216482877 0.7018704013377927 0.03215960533952408 0.6992044314381272 0.07733952408589669 0.6832073578595318 0.10622518862449216 0.35420150501672243 0.07882066163668021 0.3531346153846154 0.049194428322692975
7 0.7152015050167224 0.03257225769007545 0.9938164715719063 0.05713639001741149 0.989550585284281 0.10527858386535113 0.9474251672240802 0.1245356935577481 0.6946718227424749 0.100094022054556 0.6920054347826087 0.09416889146836911 0.697871237458194 0.07787463726059199 0.7000041806020068 0.05121125943122461
7 0.7291985785953177 0.902398142774231 0.9186304347826088 0.9123656413232734 0.9602228260869565 0.9493987231572839 0.9570234113712374 0.9938380731282647 0.7506613712374582 0.9805060940220546 0.7266659698996655 0.9316227510156703
7 0.44925041806020066 0.8857417295414974 0.7025372073578595 0.9042170632617527 0.7212002508361205 0.9412495647127104 0.7196003344481606 0.9871700522344747 0.44338503344481606 0.9664318049912942 0.440185618729097 0.9160673244341265 0.44338503344481606 0.8857005223447475
1 0.13464172240802674 0.1362112594312246 0.1415739966555184 0.003792222867092281 0.16930225752508363 0.007495647127103888 0.17410117056856186 0.003792222867092281 0.25461956521739126 0.008976784677887406 0.3543344481605351 0.018605339524085898 0.3543344481605351 0.003051654091700522 0.7022838628762542 0.03341845618107951 0.7017504180602007 0.04971271038885665 0.717747491638796 0.031196169471851422 0.9928967391304347 0.05563784097504353 0.9870313545150501 0.1015583284968079 0.9667683946488296 0.11785316308763784 0.9635689799331103 0.27783459082994777 0.9891642976588629 0.3207928032501451 0.9844051003344482 0.4446686012768427 0.9918704013377927 0.44985316308763784 0.9945363712374582 0.4520748694138131 0.9924034280936456 0.45948171793383635 0.9838716555183946 0.45948171793383635 0.9844051003344482 0.4905890887986071 0.9940033444816053 0.4942925130586187 0.9924034280936456 0.5002176436448056 0.9860045986622075 0.5031799187463726 0.9833386287625419 0.5365095763203714 0.9918704013377927 0.54613813116657 0.9881375418060201 0.551322692977365 0.9822721571906353 0.5557666860127685 0.9684080267558528 0.8929518282066163 0.9406797658862878 0.9322066163668021 0.9620091973244148 0.949241439349971 0.9577433110367893 0.9936807893209518 0.7513812709030101 0.9833116656993617 0.7433829431438127 0.9714614045269878 0.7225865384615384 0.9677579802669761 0.7215200668896321 0.9862745211839815 0.4424117892976589 0.9677579802669761 0.44187834448160535 0.949241439349971 0.11319230769230768 0.9344283226929774 0.11265928093645484 0.8870266976204295 0.10466053511705686 0.8870266976204295 0.08759698996655518 0.9085055136390018 0.047604515050167225 0.8981363900174115 0.060935618729096995 0.7322298316889148 0.09079640468227425 0.7055658734764945 0.12012458193979934 0.7085287289611144 0.12865635451505017 0.3739500870574579 0.003346153846153846 0.35691468369123625 0.00921153846153846 0.1377382472431805 0.018276755852842812 0.12736912362159025