1 0.056147916666666665 0.163871875 0.16514166666666666 0.16482421875 0.1648875 0.12004140625 0.18826145833333333 0.11985078125 0.18800729166666666 0.11642109375000001 0.255334375 0.11661171875000001 0.25635104166666667 0.12099453125 0.327996875 0.12137578125 0.327996875 0.1032734375 0.3330416666666667 0.10236328125000001 0.6203645833333333 0.10558125 0.6210249999999999 0.10657187500000001 0.6192093750000001 0.12464296875 0.6249854166666666 0.12476640624999999 0.6342312499999999 0.10421953125000001 0.8643 0.10978984375 0.86265 0.13033671875 0.8448260416666666 0.14407578125 0.842040625 0.22631171874999997 0.8653208333333333 0.2457484375 0.864003125 0.2918796875 0.8681760416666666 0.2918796875 0.8705916666666667 0.29286796875 0.8708114583333334 0.29599765625 0.868834375 0.2974796875 0.8646614583333334 0.29912734375 0.863396875 0.30012734375 0.8638250000000001 0.3115765625 0.8685333333333334 0.3121109375 0.8702447916666666 0.31243203125 0.8705302083333333 0.31510703125 0.8698177083333333 0.31713984375000004 0.8663937500000001 0.31778203125000004 0.864253125 0.318959375 0.8632552083333334 0.32013359375 0.8635395833333334 0.33233203125 0.868090625 0.33353046875 0.868090625 0.33640078125 0.8673614583333333 0.33790468749999997 0.8651739583333333 0.33858828124999996 0.86189375 0.33968125 0.854603125 0.4956484375 0.83364375 0.5106843750000001 0.8443770833333333 0.5151679687499999 0.8434489583333333 0.53353203125 0.6516427083333334 0.5314453125 0.17456666666666668 0.52866328125 0.17254791666666666 0.52586796875 0.17254791666666666 0.5208976562500001 0.17242812500000002 0.50752265625 0.16025729166666666 0.5074328125 0.14591874999999999 0.5107765625 0.11272916666666667 0.5107546875 0.11032395833333333 0.5078679687500001 0.10823958333333333 0.43751484375 0.11192708333333333 0.435590625 0.17093645833333332 0.4347484375 0.16756875000000002 0.28563046875000003 0.16676666666666667 0.283946875 0.09877916666666667 0.2835859375 0.05532083333333333 0.26975625000000003 0.052915625 0.2644640625 0.05067083333333333 0.18893671875 0.05035 0.166325
7 0.32823645833333337 0.10351796875 0.32872916666666663 0.12395 0.3331604166666667 0.1280125 0.33775520833333333 0.1395828125 0.3436635416666666 0.14044453125 0.348259375 0.1472140625 0.36385 0.14659843749999998 0.36401458333333336 0.141675 0.3661479166666667 0.14032109375 0.3705791666666666 0.1401984375 0.372384375 0.1417984375 0.3756729166666667 0.14598359375 0.6108447916666666 0.14586015624999998 0.6197072916666666 0.126165625 0.620528125 0.1059796875 0.33233645833333336 0.10265625
7 0.63426875 0.10440703124999999 0.623746875 0.12585546875 0.6245562499999999 0.14871953124999998 0.83441875 0.15296640625 0.8625281250000001 0.12998125 0.8640083333333333 0.10985
7 0.661821875 0.50401640625 0.66148125 0.52161171875 0.6761020833333333 0.53091953125 0.8430447916666667 0.53334140625 0.8435552083333333 0.51485390625 0.8165239583333334 0.5056734374999999
7 0.6402833333333333 0.503853125 0.6527947916666667 0.512515625 0.6516166666666667 0.5311484375 0.4317020833333334 0.52763125 0.43185833333333334 0.50875859375 0.4376416666666667 0.50313125
4 0.055769791666666665 0.1642859375 0.05039479166666667 0.16655390625 0.05442604166666667 0.2660828125 0.055434375 0.26961015625 0.10078854166666668 0.28296484375 0.2610427083333333 0.28498046875 0.261715625 0.19401875 0.23483854166666665 0.16655390625
8 0.44195625 0.21445703124999999 0.46139583333333334 0.21501015625000003 0.46115 0.24195625 0.44195625 0.24121796875
8 0.4428 0.3375359375 0.46056875 0.3375359375 0.46010104166666665 0.36296093749999997 0.4428 0.36278515625
8 0.287296875 0.23378359375 0.30489791666666666 0.23406796875000002 0.3039520833333333 0.26032734375 0.2861614583333333 0.259759375
8 0.7549739583333334 0.26285859375 0.7729791666666667 0.2632140625 0.77203125 0.28832734375 0.7546572916666666 0.28820859374999996
0 0.456796875 0.36918203125 0.45820520833333334 0.44787734375 0.825803125 0.44946171875 0.8307322916666667 0.44453203124999996 0.826271875 0.44347578125 0.8269760416666667 0.43889843749999996 0.8363656249999999 0.43854609375000003 0.8375395833333333 0.43625781249999995 0.8382437500000001 0.41724375 0.8366010416666666 0.41689218749999996 0.8373052083333333 0.40210390625 0.8394177083333333 0.4001671875 0.840121875 0.381153125 0.8356614583333334 0.38027265625 0.8302625 0.380096875 0.8288541666666667 0.37639999999999996 0.8288541666666667 0.3751671875 0.8312020833333332 0.374815625 0.8312020833333332 0.3719984375 0.8269760416666667 0.3704140625