9 0.5967433110367893 0.4335345327916425 0.013373745819397993 0.009204875217643644
9 0.4547198996655519 0.3783343006384214 0.011780936454849499 0.006987811955890887
9 0.2837750836120401 0.3694950667440511 0.012433110367892975 0.009820081253627395
9 0.8106396321070234 0.3863784097504353 0.01322324414715719 0.008096343586767266
8 0.8609322742474916 0.38814277423099247 0.02439799331103679 0.060626813697040045
8 0.4813127090301003 0.26571096923969817 0.02331521739130435 0.06419616947185142
8 0.47237876254180605 0.5362681369704004 0.025514214046822744 0.060098665118978524
8 0.2891513377926421 0.2973650609402205 0.023122909698996656 0.06251305861868833
4 0.01767767558528428 0.12483052814857806 0.2344933110367893 0.14669239698200812 0.25245777591973245 0.1705827045850261 0.24519565217391306 0.3776343586767266 0.2364046822742475 0.38028845037724895 0.21041346153846155 0.3776343586767266 0.008982023411371238 0.3585217643644805 0.0036312709030100333 0.35215089959373186 0.012804347826086956 0.13395066744051073
7 0.35498913043478264 0.004112594312246083 0.7037667224080267 0.0317852582704585 0.6991801839464883 0.07850435287289612 0.6835091973244147 0.10398781195589088 0.3547976588628763 0.0800975043528729 0.3505932274247492 0.0498357515960534
7 0.7181003344481605 0.029980847359257108 0.9933001672240803 0.05448287869994196 0.990242474916388 0.09907893209518281 0.9497270066889631 0.12137666860127684 0.696695652173913 0.09960940220545561 0.6940200668896321 0.09164596633778294 0.702046822742475 0.0762501450957632 0.7012821906354515 0.05182878699941962
7 0.731955685618729 0.9015403366221707 0.9217290969899665 0.9138444573418457 0.9595689799331104 0.947291352292513 0.9576580267558528 0.9913557748113755 0.7524046822742475 0.9828618688334301 0.7264134615384615 0.932426001160766
7 0.4493022575250836 0.8855827045850261 0.7046266722408027 0.9041642484039466 0.7199155518394649 0.9376105629715612 0.7199155518394649 0.9848607080673244 0.4435689799331104 0.9678723157283807 0.44089339464882943 0.9253998839233895 0.44318687290969905 0.8908914683691237
0 0.4887667224080268 0.5838258850841556 0.9409168060200668 0.6161404526987811 0.9416810200668897 0.6283511317469529 0.9416810200668897 0.6363145676146256 0.9466500836120402 0.6437475333720255 0.9481789297658862 0.6602054556006965 0.9435919732441472 0.7748798607080672 0.938241220735786 0.7796581543818921 0.9344188963210702 0.796116076610563 0.9305965719063546 0.797708647707487 0.4788578595317726 0.7690400464306443 0.47312416387959866 0.7594834590829947 0.4750355351170569 0.7536436448055717 0.48229765886287623 0.5901265235055136
5 0.32441137123745817 0.7264323853743471 0.36817558528428096 0.7294585026117237 0.3869046822742475 0.7591892048752177 0.38117098662207355 0.8489112013929193 0.3616776755852843 0.8483807312826466 0.35250459866220735 0.8526273940800929 0.3337755016722408 0.8563441671503192 0.319251254180602 0.8515658734764945 0.31428219063545154 0.8457260591990713 0.2989933110367893 0.8446639582124202 0.30052215719063546 0.8096244921648288 0.2993758361204013 0.7984759141033081 0.30128678929765884 0.7852031340684852 0.3031977424749164 0.7783017991874637 0.30166889632107025 0.7554730121880442
5 0.41585785953177257 0.7295774811375507 0.4617244983277592 0.7311700522344747 0.4731910535117057 0.752937318630296 0.47510242474916387 0.7672716192687173 0.4773954849498328 0.770987811955891 0.4762491638795987 0.7869146836912363 0.47892474916387956 0.8023110853163088 0.4781601170568562 0.8113360417875798 0.4754845317725752 0.8256703424260012 0.4743377926421405 0.8394741729541497 0.47357357859531773 0.8506227510156704 0.4563733277591973 0.8527463726059199 0.443760033444816 0.8591172373766686 0.4342044314381271 0.8612408589669182 0.4246488294314381 0.8591172373766686 0.413564381270903 0.8532774230992455 0.3902491638795987 0.8484991294254207 0.3910133779264214 0.7630243760882183
1 0.14335242474916388 0.0028508415554265817 0.17249665551839466 0.0059640162507254785 0.1737604515050167 0.0011369704004643064 0.25463795986622073 0.0072803250145095765 0.25526964882943143 0.010791062100986652 0.3535234113712375 0.019567034242600114 0.3535234113712375 0.004208357515960534 0.7021183110367893 0.03141555426581544 0.7018022575250836 0.044141033081834015 0.707173076923077 0.04501857225769007 0.71886245819398 0.028782356355194428 0.9939803511705686 0.054672663958212415 0.9908210702341137 0.10074869413813117 0.9680739966555183 0.11128032501450957 0.96238754180602 0.27890946024376084 0.9898733277591973 0.3224637260591991 0.9835547658862877 0.4487597214161346 0.99524372909699 0.45051538015089965 0.9965075250836121 0.45929135229251306 0.9851341973244147 0.4597301218804411 0.983238712374582 0.4943969820081254 0.9939803511705686 0.49483575159605336 0.9914527591973243 0.5088781195589089 0.9810271739130435 0.5075618107951247 0.9822909698996655 0.5378403946604758 0.9901889632107024 0.538717933836332 0.9908210702341137 0.5514434126523505 0.9794473244147158 0.5518821822402786 0.9687061036789297 0.8958107951247823 0.9402725752508362 0.9304770748694138 0.959859949832776 0.9471526407428903 0.956700668896321 0.9919117817759722 0.7513474080267558 0.9826964596633778 0.743449414715719 0.9704097504352873 0.7229138795986623 0.9690934416715032 0.7213344481605352 0.9853296575739988 0.44383110367892975 0.9695322112594311 0.4419356187290969 0.9493464886825305 0.11074080267558528 0.9322327336041788 0.11263628762541805 0.8879117817759722 0.10379013377926422 0.8879117817759722 0.09210075250836121 0.9059036564132328 0.04976672240802676 0.8988821822402785 0.059876254180602 0.7343250145095763 0.09462834448160536 0.7058020893789901 0.11800710702341138 0.7101903656413232 0.12969648829431438 0.36975565873476496 0.0077876254180602004 0.3583464886825305 0.002732859531772575 0.3522031340684852 0.012842391304347826 0.13328322692977365 0.018529264214046826 0.12319036564132328 0.13637040133779263 0.13547765525246663 0.1401613712374582 0.0030046430644225185