4 0.03125 0.21749999999999997 0.07166666666666667 0.21891875 0.12166666666666666 0.21891875 0.18833333333333335 0.2214203125 0.22666666666666666 0.2214203125 0.22833333333333333 0.32772421875 0.02666666666666667 0.33022578125
0 0.4666666666666667 0.42374999999999996 0.8883333333333333 0.42152265624999996 0.885 0.5153203125 0.4683333333333334 0.51281875
7 0.32083333333333336 0.14250000000000002 0.6366666666666667 0.14263046875000002 0.64 0.17264531249999998 0.32166666666666666 0.17014453125
7 0.65 0.14250000000000002 0.9066666666666666 0.14388046875 0.9016666666666667 0.17264531249999998 0.6483333333333333 0.17264531249999998
7 0.4375 0.58 0.685 0.58410546875 0.6883333333333332 0.60911796875 0.435 0.6078671875
7 0.7104166666666667 0.58 0.9016666666666667 0.5828546875 0.9033333333333334 0.61036875 0.715 0.6066171875
5 0.4041666666666667 0.5081249999999999 0.43 0.50531484375 0.45666666666666667 0.51281875 0.4716666666666667 0.530328125 0.46499999999999997 0.55408984375 0.44 0.56159375 0.41000000000000003 0.55909296875 0.39333333333333337 0.54408515625 0.39166666666666666 0.5253257812500001
5 0.3405270833333333 0.504534375 0.358265625 0.50618671875 0.368403125 0.508721875 0.3760052083333333 0.5147437499999999 0.38107395833333335 0.52171640625 0.38445208333333336 0.53122421875 0.38234062500000005 0.542 0.37389374999999997 0.55467734375 0.35784374999999996 0.56165 0.34094895833333333 0.5622835937499999 0.32321041666666667 0.5572125 0.311384375 0.54865546875 0.30800520833333334 0.53502734375 0.31180625 0.52013203125 0.322365625 0.510940625
8 0.44491562500000004 0.25408046875 0.467771875 0.254315625 0.467771875 0.28366875 0.445228125 0.28366875
1 0.13090416666666668 0.1490921875 0.26438958333333334 0.1498625 0.3186208333333333 0.1501953125 0.3191125 0.14724609375 0.9023375 0.14540234375 0.8988979166666666 0.2556421875 0.9263541666666666 0.2781328125 0.925921875 0.5633390625 0.897915625 0.5843546875000001 0.897915625 0.6061078125 0.887596875 0.6083203125 0.30835833333333335 0.61056484375 0.14179479166666667 0.61056484375 0.14327291666666667 0.5850546875 0.13420104166666666 0.5842109375 0.12828229166666666 0.5886515625000001 0.09000729166666667 0.58657890625 0.09198020833333334 0.5075234375 0.11881145833333333 0.50130546875 0.14051354166666666 0.50130546875 0.13473541666666666 0.334840625 0.02773958333333333 0.33212421875000003 0.023622916666666667 0.21905546875 0.13314375 0.2204328125
8 0.271209375 0.27746875000000004 0.2924197916666667 0.27746875000000004 0.29311458333333335 0.30693671875 0.2719052083333333 0.307196875
8 0.448096875 0.38895703125000003 0.46856875000000003 0.38924140625 0.46856875000000003 0.41795859375 0.448096875 0.41767421875000005
8 0.8012302083333334 0.30027578125 0.82053125 0.30027578125 0.8210260416666666 0.32885624999999996 0.800240625 0.328484375