4 0.001471875 0.273825 0 0.3722390625 0.00047812500000000003 0.38120468750000003 0.015301041666666666 0.38909375 0.18743437500000001 0.38765937500000003 0.18313125000000002 0.37044609375 0.1802625 0.27362109375
1 0.08333125000000001 0.27311640625 0.08255104166666666 0.2263578125 0.11036145833333334 0.22701640625000002 0.11065416666666666 0.222625 0.179446875 0.2241625 0.17973958333333334 0.22921171875000002 0.26492604166666667 0.23008984375 0.26521875 0.21450156250000002 0.5377437500000001 0.22176015625 0.5377437500000001 0.2314203125 0.5395 0.2305421875 0.5485270833333333 0.22166328124999998 0.7412333333333333 0.22906718750000002 0.7412333333333333 0.2474234375 0.7161916666666667 0.25930703125 0.7213333333333334 0.325790625 0.7416947916666667 0.3419875 0.74436875 0.38455546875 0.7468270833333333 0.38505078125000003 0.7593322916666666 0.3827578125 0.763084375 0.3830703125 0.76405625 0.38630078125 0.7629447916666667 0.38765546875 0.7458552083333333 0.3908859375 0.7452083333333334 0.3975 0.745 0.40109374999999997 0.7464104166666666 0.40276562499999996 0.751134375 0.40224453125000004 0.7586375000000001 0.4014109375 0.7636395833333334 0.40068203125 0.7658625 0.40245312499999997 0.7647510416666666 0.4058921875 0.7596104166666666 0.40672578125000003 0.747521875 0.40901796875 0.7458333333333333 0.41429687499999995 0.7459375 0.41804687500000004 0.7472447916666667 0.4208984375 0.7530802083333333 0.42027265625 0.7603052083333334 0.41943906249999996 0.7655854166666667 0.41902265625 0.7665572916666666 0.422253125 0.7655854166666667 0.4245453125 0.748634375 0.4263171875 0.7471875 0.43257812500000004 0.7536354166666667 0.5293789062500001 0.7557197916666667 0.5653312500000001 0.7433541666666666 0.5768984374999999 0.7648906249999999 0.5803375 0.7655854166666667 0.5987820312500001 0.6215166666666666 0.60780625 0.6014729166666667 0.6082875 0.6006708333333334 0.6111734375 0.3923760416666667 0.6250015624999999 0.389009375 0.62355859375 0.10365520833333333 0.6425203125000001 0.101653125 0.64085859375 0.10111145833333332 0.62481953125 0.0575125 0.62428984375 0.056806249999999996 0.54598828125 0.07683749999999999 0.5408625 0.09781250000000001 0.54050859375 0.08814999999999999 0.38867890625 0.01415 0.38903203125 0.00047604166666666666 0.38125468749999997 0.000005208333333333333 0.3724171875 0.000005208333333333333 0.27273593749999997
0 0.3920260416666667 0.46811328124999996 0.39707291666666666 0.5367101562500001 0.40968750000000004 0.540021875 0.733584375 0.5255929687500001 0.738315625 0.51778671875 0.733584375 0.516840625 0.733584375 0.5149484375 0.7433614583333333 0.5125828125 0.741784375 0.49460625 0.7386302083333334 0.49153125 0.7386302083333334 0.4818328125 0.7408385416666667 0.47946718749999995 0.7392614583333333 0.4626734375 0.73326875 0.4610171875 0.729484375 0.46078046875 0.729484375 0.45794218750000004 0.733584375 0.455340625 0.7320072916666667 0.45392109375 0.4027427083333333 0.4622 0.39675104166666664 0.465275
5 0.3434270833333333 0.5409515625 0.33876666666666666 0.5482109375 0.3374083333333333 0.5540132812499999 0.337828125 0.56031640625 0.3402010416666667 0.5662242187500001 0.3448614583333333 0.5713328125 0.34916250000000004 0.574828125 0.3552572916666667 0.5783234375 0.3654208333333333 0.5806953125 0.37592499999999995 0.58132578125 0.38755 0.579225 0.3961239583333333 0.5742906249999999 0.4011427083333333 0.56971953125 0.4050864583333333 0.56111640625 0.405478125 0.55296328125 0.40221875 0.545521875 0.39648229166666665 0.54014453125 0.389671875 0.53611171875 0.38178437499999995 0.5334234375 0.37353958333333337 0.5318101562499999 0.364440625 0.5318484375 0.357296875 0.5335296875 0.3502385416666666 0.53584296875
5 0.27565520833333335 0.5389375000000001 0.28505833333333336 0.53596796875 0.30076250000000004 0.5355296875 0.3106541666666667 0.5378484375 0.3230177083333333 0.54433984375 0.3279635416666667 0.5510625 0.33043645833333335 0.55940859375 0.329509375 0.567059375 0.326109375 0.57331875 0.31838125 0.579578125 0.3091083333333334 0.584678125 0.29736250000000003 0.5856054687500001 0.2849979166666667 0.5856054687500001 0.27572500000000005 0.5816640625 0.2658333333333333 0.5728546875 0.26274166666666665 0.56636328125 0.2615052083333333 0.55569921875 0.264596875 0.5489765625 0.2707791666666666 0.5429484375
8 0.23145416666666666 0.33761640625 0.2119 0.33825390624999996 0.21232499999999999 0.36312109375 0.22443958333333333 0.36312109375 0.23230416666666667 0.36296171875 0.23166666666666666 0.3416015625
8 0.36680833333333335 0.31884843749999997 0.38595624999999995 0.31898046875 0.38630729166666666 0.34388203125 0.3675104166666667 0.3440140625
8 0.3773270833333333 0.43328984375 0.393265625 0.43328984375 0.3943395833333333 0.45840625 0.375178125 0.458271875 0.37446145833333333 0.43328984375
8 0.6516666666666667 0.35907734375 0.6661822916666666 0.359271875 0.6669593749999999 0.38201796875 0.6516666666666667 0.38162890625
7 0.266003125 0.21444453125 0.53761875 0.22181015624999997 0.5381802083333334 0.23990781249999998 0.5168552083333333 0.25990078125 0.2643197916666667 0.25442890625 0.2665645833333333 0.23338437500000003
7 0.5382729166666667 0.231121875 0.5478614583333333 0.22179609375 0.7000697916666667 0.22775078125 0.7417114583333333 0.22932421875000003 0.7415614583333333 0.24786328124999998 0.7075541666666666 0.26303203124999996 0.525075 0.25966093749999997 0.524775 0.25224531250000004 0.5379583333333334 0.24011093749999998
7 0.3742104166666667 0.59634140625 0.374409375 0.60960703125 0.39303645833333334 0.6248203125 0.6007302083333333 0.6105875000000001 0.5996760416666667 0.59145234375 0.58465 0.5868898437500001 0.3764 0.595
7 0.6007687500000001 0.60076953125 0.6220916666666666 0.60785859375 0.764975 0.59928515625 0.7638760416666667 0.580490625 0.734859375 0.57636875 0.5926354166666666 0.5821390625 0.5926354166666666 0.5890640625 0.6001093750000001 0.59153671875