1 0.2331107266435986 0.20514732142857142 0.2307146410034602 0.2058310771889401 0.22866079152249136 0.2174562211981567 0.2100050821799308 0.2338679435483871 0.19307461072664361 0.3505830933179724 0.19119193339100346 0.35195074884792626 0.1905072448096886 0.3567374711981567 0.19102076124567474 0.36061247119815665 0.18999383650519033 0.3729213709677419 0.18793998702422146 0.3738330933179723 0.18759764273356402 0.3790757488479263 0.18793998702422146 0.3843184043778802 0.18862456747404846 0.3872816820276498 0.1865707179930796 0.3954876152073733 0.1843458044982699 0.3954876152073733 0.18297653546712803 0.4000463709677419 0.1843458044982699 0.406428715437788 0.1852609212802768 0.4086064228110599 0.172650410899654 0.5067955069124425 0.18923237456747405 0.5315561635944701 0.18052270761245673 0.5928912730414747 0.1704729671280277 0.5913297811059909 0.167123053633218 0.6178750000000001 0.17549783737024222 0.6330437788018433 0.17851275951557094 0.6477662730414746 0.18286753892733565 0.6542353110599078 0.18454249567474046 0.6613735599078342 0.6885246539792387 0.6763191244239631 0.6907020977508651 0.6720809331797235 0.6845047577854672 0.5850838133640553 0.7317349697231834 0.5873145161290323 0.7635590397923876 0.5511772753456221 0.7509968641868512 0.4414183467741935 0.747479455017301 0.4398568548387097 0.6714368512110727 0.4342800979262673 0.6630620674740484 0.3256365207373272 0.6764616133217993 0.326528801843318 0.7017533520761245 0.2689724942396313 0.6943836505190312 0.20450547235023042 0.6751217560553633 0.20272091013824883 0.66708196366782 0.22368937211981565 0.6030989403114186 0.2181126152073733 0.6007540008650519 0.21878182603686636 0.5980740700692041 0.22592007488479263 0.595233347750865 0.2339506048387097 0.5391225129757786 0.22904305875576036 0.5385721237024221 0.22885195852534562 0.5380946150519031 0.2271350806451613 0.5138875432525951 0.22535469470046085 0.5132200475778547 0.22611765552995391 0.4960315743944637 0.22503672235023042 0.498903330449827 0.20240985023041477 0.4987762759515571 0.18506278801843318 0.35591306228373704 0.16942813940092166 0.3544558823529412 0.18573675115207375 0.3559602076124568 0.2115328341013825 0.34329887543252596 0.21061463133640554 0.34022750865051904 0.16762384792626728 0.22949772923875433 0.15645031682027652 0.22685521193771624 0.17362010368663594
7 0.35608996539792387 0.1694222350230415 0.3542727076124567 0.1872186059907834 0.3573728373702422 0.23647911866359447 0.492601535467128 0.25086160714285716 0.49880179498269894 0.2025976382488479 0.4986949610726643 0.18522825460829492
7 0.34016165657439446 0.167571284562212 0.3430480103806228 0.2115640841013825 0.34272729238754324 0.23548257488479263 0.23710823961937716 0.22423516705069124 0.22684569636678203 0.1736932603686636 0.2295182742214533 0.15632402073732718
7 0.17066684688581316 0.591425547235023 0.1673308823529412 0.6179046658986175 0.18467787629757787 0.6454500288018433 0.3554754541522491 0.6523809043778802 0.35721020761245675 0.637097638248848 0.35147231833910036 0.6004889112903226
7 0.3621500865051903 0.5996003744239631 0.3609490700692041 0.6243022753456221 0.3640181660899654 0.651847638248848 0.5636304065743944 0.6587785138248848 0.5767072880622838 0.631055443548387 0.5752394031141869 0.6075973502304147
8 0.47699189013840826 0.5177911866359447 0.48931336505190315 0.5184995679723502 0.48949059256055366 0.5489578052995392 0.4769032223183391 0.5482495679723502
8 0.585751946366782 0.5012319988479262 0.5967934688581314 0.5017572004608295 0.5977398356401384 0.53158741359447 0.5963201773356401 0.5322177419354839 0.5865405493079585 0.5320076324884793 0.585751946366782 0.5291716589861751 0.5849632352941176 0.5029125864055299
8 0.4781404628027682 0.38626368087557605 0.48881996107266434 0.3870122407834101 0.48928838667820074 0.4133371255760369 0.4877894679930796 0.41545809331797234 0.4776720371972319 0.4147095334101382
8 0.2511912846020761 0.45592554723502304 0.26379098183391003 0.45616359447004606 0.26155698529411764 0.48663004032258067 0.24797426470588235 0.48532085253456225
0 0.22267647058823528 0.24975792050691242 0.2189294982698962 0.2856131912442396 0.21691684688581314 0.30765221774193546 0.21833023356401382 0.33217223502304144 0.21949232266435986 0.3393302131336406 0.2228333693771626 0.3584828629032258 0.4765845588235294 0.3772485599078341 0.481523464532872 0.35325950460829497 0.4803613754325259 0.27839012096774196 0.4781824178200692 0.2716189516129032 0.47687510813148787 0.2706516417050691
4 0.6312899005190311 0.4323425979262673 0.6116153762975779 0.47945694124423965 0.617669009515571 0.578724366359447 0.6201283520761246 0.5822515841013826 0.7311763624567474 0.5880463709677419 0.7633368295847751 0.5520178571428571 0.7510401167820069 0.44191661866359444 0.7476349480968858 0.4396490495391705