1 0.11955416666666667 0.35351953125 0.11990520833333333 0.43009296875 0.003164583333333333 0.42956484375 0.0038677083333333332 0.53827421875 0.122015625 0.5393296875 0.12131249999999999 0.6918390624999999 0.09669791666666666 0.6913109375000001 0.059425 0.7134750000000001 0.060129166666666664 0.79041953125 0.09529166666666668 0.792003125 0.10724687499999999 0.7814484375 0.11990520833333333 0.7814484375 0.122015625 0.8009742187500001 0.40261562500000003 0.80413984375 0.40268541666666663 0.8137367187500001 0.6499854166666666 0.8176921875 0.6499854166666666 0.8054960937500001 0.6728260416666667 0.80648515625 0.6728260416666667 0.8163734375 0.8630229166666666 0.81966953125 0.8638802083333333 0.78868671875 0.8919916666666666 0.76660234375 0.8968239583333334 0.4859765625 0.8687114583333333 0.46356328125 0.8717864583333333 0.3644265625 0.8564124999999999 0.35486796875
4 0.001646875 0.42876640625 0.22533750000000002 0.43112734374999995 0.226215625 0.52869140625 0.19590729166666668 0.54055703125 0.004832291666666667 0.5385796875
8 0.249825 0.4777703125 0.2695916666666667 0.47776484375 0.2695916666666667 0.5061109375 0.2507041666666667 0.506440625
8 0.42278125 0.45676875 0.44090104166666666 0.45732890625 0.44177916666666667 0.48468671875 0.42157395833333333 0.48402734374999995
8 0.42058541666666666 0.587309375 0.43914375 0.587171875 0.43914375 0.614859375 0.4206947916666667 0.6145296874999999
8 0.768534375 0.50606796875 0.78625 0.506728125 0.7871541666666667 0.5350117187500001 0.7684593750000001 0.5343328125
0 0.43722812499999997 0.627790625 0.8368479166666667 0.62563359375 0.8520562500000001 0.63735390625 0.8495895833333333 0.7215546875000001 0.4319875 0.7160023437499999
7 0.40450625 0.7953718750000001 0.41379375 0.7705124999999999 0.6469302083333334 0.7735328124999999 0.6506458333333334 0.796765625 0.6487885416666667 0.81721015625 0.40419583333333337 0.8139578125 0.40450625 0.79560390625
7 0.6734020833333333 0.81481640625 0.675259375 0.7941476562500001 0.6712354166666666 0.7741671875 0.8483322916666667 0.776490625 0.8625739583333334 0.7980968749999999 0.8628833333333333 0.81947109375
7 0.6190760416666666 0.36216484375 0.867590625 0.364740625 0.8714208333333333 0.3651828125 0.8711260416666666 0.38751171875 0.6168666666666667 0.38485859375000003
7 0.2968322916666667 0.360784375 0.6067760416666667 0.363028125 0.605596875 0.3860203125 0.2971270833333334 0.3833671875
5 0.30363437499999996 0.6947890625 0.32955 0.69669609375 0.34492395833333334 0.7006515624999999 0.35590520833333333 0.71086953125 0.358540625 0.7200984375 0.358540625 0.75042265625 0.35283020833333334 0.7553664062500001 0.34184895833333334 0.7540484375000001 0.32559687499999995 0.75767421875 0.305390625 0.76162890625 0.2843072916666667 0.75141171875 0.2777177083333333 0.739875 0.27859687499999997 0.7289984375 0.28342812500000003 0.7158140625 0.29045625 0.7069140625 0.2970447916666667 0.701640625
5 0.37830729166666666 0.6968484375 0.3910458333333333 0.6943890625 0.41432604166666664 0.6960375 0.4244291666666667 0.69702578125 0.4318958333333333 0.70460703125 0.4318958333333333 0.71119921875 0.436728125 0.71614375 0.43804583333333336 0.7237242187499999 0.436728125 0.75371875 0.43145625 0.75569609375 0.41827916666666665 0.75734453125 0.400709375 0.7609703125 0.375671875 0.7547078125 0.36381145833333334 0.75108203125 0.36249375 0.7458078125000001 0.3602979166666667 0.732953125 0.3620552083333333 0.72471328125 0.364690625 0.7200984375 0.364690625 0.7125179687500001 0.3690822916666667 0.70625546875