6 0.6739464882943144 0.4874637260591991 0.009402173913043477 0.013401044689495066
6 0.5602508361204013 0.5344399303540337 0.004360367892976589 0.01828206616366802
6 0.45297240802675587 0.3844109112013929 0.01161371237458194 0.004933255948926291
8 0.48244565217391305 0.2652930934416715 0.023290133779264213 0.06048752176436448
8 0.4721948160535117 0.5343586767266396 0.021697324414715717 0.05971561230412072
8 0.2910911371237458 0.2977132907719095 0.028766722408026756 0.06038885664538595
8 0.8621697324414715 0.3873186302959954 0.023290133779264213 0.06133488102147418
0 0.4842980769230769 0.5863337202553686 0.9418285953177257 0.6123470690655833 0.939621237458194 0.6338113755078352 0.9445882107023411 0.6414776552524667 0.9478996655518396 0.6491433546140453 0.9462441471571907 0.7694979686593152 0.9379653010033444 0.7901961694718515 0.9352056856187292 0.7955618107951248 0.4765714882943144 0.7671984910040627
5 0.3228653846153846 0.7261648287869994 0.3719849498327759 0.7364776552524667 0.3868867056856187 0.7610087057457923 0.3819193143812709 0.8491665699361579 0.35984322742474917 0.8468670922809054 0.35101254180602004 0.8522327336041787 0.33666304347826087 0.8591323273360418 0.31734615384615383 0.8491665699361579 0.2996852006688963 0.8445670342426002 0.3002370401337793 0.8146703424260011 0.2991333612040134 0.8031712130005804 0.3007892976588629 0.7817069065583285 0.3024448160535117 0.7579425420777713
5 0.41572575250836125 0.7286744051073709 0.4619590301003345 0.7355060940220546 0.47016178929765884 0.75207835171213 0.4768729096989967 0.765024956471271 0.4768729096989967 0.7743470690655833 0.4768729096989967 0.7852222867092281 0.47650041806020066 0.7971340684852002 0.47761872909698994 0.8105983749274521 0.47277173913043474 0.8261352292513059 0.47202591973244146 0.8520290191526407 0.45711204013377926 0.850993615786419 0.4481638795986622 0.8582437608821822 0.4351141304347826 0.8603151479976785 0.41348871237458196 0.850993615786419 0.38999958193979933 0.8484039466047592 0.3922366220735786 0.7613998839233894 0.4149803511705686 0.7318810214741729
7 0.4431266722408027 0.8892553685432385 0.7014590301003345 0.9050597794544398 0.722108695652174 0.9372542077771329 0.7200016722408027 0.982326175275682 0.44354807692307696 0.965351131746953 0.44017683946488295 0.9103279164248403
7 0.7316960702341138 0.9011265235055137 0.9247081939799331 0.914558328496808 0.9601078595317726 0.9502646546720837 0.9563147993311037 0.9929947765525247 0.7523461538461539 0.9824585026117237 0.730431856187291 0.9350452698781196
7 0.718 0.030130005803830528 0.9934000836120402 0.05774579222286709 0.9900288461538461 0.10515902495647127 0.9521007525083612 0.12213464886825304 0.6962968227424748 0.0969645966337783 0.6929251672240803 0.09111085316308765 0.7005108695652175 0.07647707486941382 0.7017750836120401 0.051892629135229254 0.7173678929765887 0.02789320951828207 0.7165250836120401 0.03140510737086477
7 0.3539954013377926 0.0030713871154962272 0.7021964882943144 0.032148578061520605 0.7000894648829431 0.07604991294254207 0.6840752508361204 0.10297562391178178 0.35494397993311033 0.07722054556006964 0.35072951505016725 0.049123621590249564
4 0.019490802675585284 0.12560011607661056 0.23694523411371238 0.14667266395821243 0.2542236622073578 0.17418456181079514 0.24410953177257524 0.3808131166569936 0.010219481605351171 0.3585699361578642 0.0030551839464882944 0.3497893209518282 0.01190510033444816 0.13321009866511896
1 0.13643896321070234 0.13640336622170632 0.13995108695652173 0.004317469529889728 0.17237207357859533 0.005318049912942542 0.17237207357859533 0.0013151479976784679 0.25522617056856184 0.008320371445153801 0.35248954849498326 0.017827045850261174 0.3528494983277592 0.00381717933836332 0.7025831939799331 0.0303360417875798 0.7018628762541806 0.046847939640162505 0.7177132107023412 0.0303360417875798 0.9929502508361204 0.05785606500290192 0.9882671404682274 0.10388914683691236 0.9706153846153847 0.1118949506674405 0.963050585284281 0.28051654091700523 0.9889874581939799 0.32154556006964596 0.984304347826087 0.4484085896691816 0.993670568561873 0.4499094602437609 0.9947512541806021 0.45791526407428906 0.984304347826087 0.46241845618107946 0.984304347826087 0.48743644805571673 0.984304347826087 0.49294080092861287 0.9933102006688963 0.49294080092861287 0.9925898829431439 0.499445153801509 0.9825033444816054 0.5024474753337203 0.9807023411371238 0.5369721416134648 0.990068143812709 0.542476494486361 0.9882671404682274 0.5494811375507835 0.9821429765886288 0.5539843296575739 0.9680940635451505 0.8974852002321532 0.9396354515050168 0.9315095763203715 0.9594481605351171 0.9500226349390597 0.9572867892976589 0.9925536854323854 0.7505125418060201 0.981545560069646 0.7465497491638796 0.9690365641323274 0.7224142976588629 0.9680359837492745 0.7195321906354516 0.98554846198491 0.44437625418060206 0.9680359837492745 0.4425748327759197 0.949022054556007 0.11141137123745819 0.9330104468949507 0.11213210702341138 0.8889791062100987 0.10528762541806021 0.8874776552524667 0.09123829431438127 0.9049901334881022 0.050892140468227424 0.8989860708067324 0.0598979933110368 0.7363691236215902 0.09303971571906354 0.7063476494486362 0.11825585284280936 0.7078485200232153 0.12834239130434782 0.3676482878699942 0.008366638795986623 0.35814103308183404 0.002962792642140468 0.349134648868253 0.011248327759197324 0.13337202553685434 0.018092809364548493 0.12436564132327337