7 0.2737599480968858 0.3150455069124424 0.3064006271626297 0.2866036866359447 0.5963054714532872 0.2852006048387097 0.593848615916955 0.36002707373271886 0.277971669550173 0.35722105414746547
7 0.6098179065743944 0.35243966013824884 0.6105198961937716 0.3133879608294931 0.6105198961937716 0.285795650921659 0.857254865916955 0.28626339285714286 0.8877895761245675 0.3213382776497696 0.8835778546712804 0.36529881912442397 0.8779623702422145 0.36389573732718894 0.8733996539792387 0.36062211981566816
7 0.4233471020761246 0.9489533410138249 0.4224620458477509 0.9297894585253456 0.43249253892733563 0.8775069124423963 0.43868793252595156 0.8775069124423963 0.4419330666089965 0.8735758928571429 0.44665333044982697 0.8661069988479263 0.44665333044982697 0.8558863767281105 0.6224824826989619 0.8708243087557603 0.6221875 0.9478721198156682 0.6224824826989619 0.9714582373271888
7 0.6442398356401384 0.8718466301843318 0.7873223399653979 0.8838966013824885 0.8020730968858132 0.9621238479262674 0.7991229455017301 0.9864961117511521 0.6433547794117647 0.9735237615207374 0.6409947015570934 0.8937240783410139
0 0.4517423226643598 0.6822720334101383 0.8016011029411765 0.7028401497695852 0.812516652249135 0.7421503456221198 0.812516652249135 0.7492260944700461 0.8104515570934255 0.7527639688940092 0.8148767301038062 0.7700604838709678 0.8175318987889273 0.7814603974654378 0.8160567690311419 0.7936466013824885 0.8151717128027681 0.8109429723502304 0.8104515570934255 0.8219498847926268 0.8134017084775086 0.8317773617511521 0.8198919766435986 0.8384601094470046 0.8190069204152249 0.8482875864055299 0.8131066176470588 0.8585082085253456 0.8075014057093426 0.8612599366359447 0.8042561634948098 0.8651909562211982 0.4452224264705883 0.8392462557603686 0.4416823096885813 0.7637708813364056 0.4422722750865052 0.7507985311059908 0.44286234861591695 0.7472606566820277 0.44286234861591695 0.7421503456221198 0.4422722750865052 0.7283917050691244 0.44197729238754324 0.723674539170507 0.4393221237024222 0.723674539170507 0.4384370674740485 0.7173849366359447 0.4422722750865052 0.7099160426267281
5 0.38888765138408304 0.8292020449308756 0.3929733996539792 0.8218892569124423 0.39456779844290657 0.8139223790322582 0.3949663711072664 0.8043620391705069 0.39596291089965396 0.7958639112903226 0.4005468209342561 0.790818116359447 0.4051307309688581 0.7857724654377881 0.4125049740484429 0.7820545794930877 0.42247004757785467 0.7793989055299538 0.4340295198961938 0.7825856854838709 0.44020793685121107 0.7873657834101382 0.44279876730103807 0.7892247983870968 0.445190419550173 0.8341052707373272 0.4471834991349481 0.8391510656682027 0.4481799307958478 0.8460557315668203 0.4465855320069204 0.855084965437788 0.44439327422145325 0.8651764112903225 0.4406065095155709 0.8723466301843318 0.43383023356401385 0.8744711981566821 0.4254595588235294 0.8776579781105991 0.41688959775086504 0.8779235311059909 0.40752238321799306 0.8760645161290322 0.3999489619377163 0.8715499711981566 0.3955642301038062 0.8683631912442396 0.3905817474048443 0.8638485023041476 0.38659569636678204 0.8524292914746544 0.38759223615916955 0.8431345046082949 0.38838938148788926 0.8351674827188941
8 0.43122610294117647 0.632778081797235 0.447346669550173 0.6325574596774194 0.44886386245674736 0.6729910714285714 0.4323639705882353 0.6727383352534562
8 0.2698304498269896 0.4721224078341014 0.28765787197231835 0.47237514400921654 0.29164057093425605 0.5135668202764977 0.2719166306228374 0.5148303571428572
8 0.4222174524221453 0.44334245391705074 0.43890700692041523 0.44395204493087553 0.4400449826989619 0.4861545218894009 0.4237347534602076 0.4864072580645161
8 0.749133758650519 0.5266941244239631 0.7696164576124567 0.527811779953917 0.7667716262975779 0.570772465437788 0.7459096020761246 0.5690034562211982
4 0.024428849480968857 0.4450012960829493 0.08546929065743944 0.3974703341013825 0.23851438148788925 0.39949956797235026 0.25754984861591695 0.5439071140552996 0.2108494809688581 0.6139125864055299 0.20425054065743944 0.6189854550691244 0.050190203287197234 0.6057960829493088 0.021763948961937715 0.45361002304147463
1 0.13517582179930795 0.272016849078341 0.3610840181660899 0.268045650921659 0.6025153546712803 0.2671905241935484 0.8594858347750864 0.268045650921659 0.8739260380622837 0.2885695564516129 0.8710379541522492 0.30182459677419354 0.8880453070934257 0.3232037730414747 0.8841945285467128 0.366389400921659 0.869433499134948 0.3625411866359447 0.8655828287197231 0.37109274193548386 0.8537097750865053 0.4583194124423963 0.8766696583044983 0.4965466589861751 0.8583787846020762 0.6328313652073733 0.8644757785467128 0.6499346198156681 0.8619086288927336 0.6589137384792627 0.8583787846020762 0.6610516993087557 0.8564533953287197 0.6580586117511521 0.8532444852941177 0.6670378744239631 0.8583787846020762 0.6802929147465437 0.8606250000000001 0.6871342165898617 0.8567743295847751 0.6926926843317972 0.8526027249134948 0.6905548675115207 0.8509982698961938 0.6973961693548387 0.8548489403114187 0.7153545506912442 0.8526027249134948 0.7213407258064516 0.8484311202422146 0.7234785426267281 0.8420133001730105 0.7658091877880185 0.8246851211072664 0.8693915610599079 0.8012599480968858 0.8903430299539171 0.7951629541522491 0.9104393721198157 0.7925959126297577 0.913004896313364 0.8028644031141869 0.9626044066820276 0.7986927984429065 0.9879881912442396 0.6424182525951557 0.9743055875576038 0.642739186851211 0.9084580933179723 0.6222020977508651 0.9037546082949308 0.6231647923875433 0.970029809907834 0.42308845155709346 0.950788594470046 0.42244669117647055 0.9294095622119816 0.43046896626297576 0.8875064804147466 0.41121539792387546 0.886651353686636 0.40543933823529416 0.8904997119815669 0.3736710640138408 0.8900720046082949 0.3736710640138408 0.8823755760368664 0.2961916089965398 0.8738238767281106 0.2839977292387543 0.9050374423963133 0.27693804065743943 0.9088856566820276 0.2660276816608997 0.9067476958525346 0.19607320501730105 0.8981961405529953 0.182595696366782 0.925133784562212 0.15648313148788925 0.9221406970046083 0.1385131920415225 0.8387622407834101 0.1876096453287197 0.7541010944700461 0.20397512975778548 0.7553839285714287 0.18215451989619377 0.6180545794930875 0.050452314013840836 0.6069374999999999 0.021572015570934255 0.45350086405529955 0.025101859861591694 0.4445216013824885 0.08735488754325259 0.39706005184331794 0.14832439446366782 0.39946932603686636 0.13388429930795848 0.27846370967741935