7 0.34546041666666666 0.21728437500000003 0.34568437500000004 0.23944921875 0.36068541666666665 0.25405781250000004 0.6555468750000001 0.25556953125000004 0.6674135416666667 0.24028906249999998 0.6674135416666667 0.21762031249999997
7 0.6625645833333333 0.24919609375000001 0.66731875 0.25422968749999997 0.904896875 0.2573765625 0.9341260416666667 0.24416171874999998 0.9355239583333332 0.2216125 0.6801760416666667 0.21743828125000003 0.668009375 0.23222578125 0.6673104166666667 0.24135078124999998 0.662415625 0.24732890625 0.662415625 0.24911171875
7 0.4614864583333333 0.66358203125 0.46100624999999995 0.677815625 0.7048416666666667 0.6792570312499999 0.704121875 0.65781640625 0.6897072916666667 0.635475 0.46605104166666667 0.6342140625
7 0.7075 0.6470312500000001 0.7301541666666667 0.67846328125 0.9124083333333334 0.67773359375 0.9132197916666667 0.6571625 0.8817354166666667 0.6354968750000001 0.713925 0.63464453125
1 0.17270104166666667 0.22818671875000002 0.17380416666666668 0.29019375 0.05145 0.29046953124999997 0.045938541666666666 0.29598125 0.052185416666666665 0.40373593750000003 0.17748541666666667 0.4040109375 0.18263020833333332 0.5613718750000001 0.16168541666666666 0.5602750000000001 0.11538645833333333 0.579290625 0.11501875 0.65591484375 0.11979583333333334 0.65784375 0.14992708333333335 0.65811953125 0.16829895833333333 0.6468203124999999 0.18740729166666667 0.64709609375 0.18740729166666667 0.662253125 0.46189166666666664 0.6630796875 0.461525 0.67713515625 0.7047760416666667 0.679890625 0.7047760416666667 0.6639070312500001 0.7202093749999999 0.6644578125 0.7304979166666666 0.67851328125 0.9120333333333334 0.67796171875 0.913503125 0.65784375 0.8940281250000001 0.6446156249999999 0.92121875 0.6264265625000001 0.9322645833333334 0.46658046875 0.9407156249999999 0.4676828125 0.944390625 0.46575390624999996 0.9407156249999999 0.4616203125 0.9311625 0.46079296875000003 0.9324645833333334 0.44514375 0.9434916666666666 0.4446265625 0.9445947916666667 0.44131875000000004 0.9436302083333333 0.4383203125 0.9331541666666666 0.43852734375 0.9332916666666667 0.42219375000000003 0.9434916666666666 0.42260703125 0.9461104166666666 0.41991562499999996 0.9448697916666667 0.41764062500000004 0.942940625 0.416296875 0.93384375 0.41619375 0.9366 0.35519296875 0.9113760416666667 0.33420703125 0.913440625 0.25273124999999996 0.9342968749999999 0.243778125 0.9359375 0.22198515625 0.6800520833333333 0.21706796874999998 0.67325625 0.22620703125000002 0.6678666666666667 0.22620703125000002 0.6671635416666667 0.21741875 0.344965625 0.21706796874999998 0.34590312500000003 0.22638281249999997 0.2683375 0.22620703125000002 0.2683375 0.223921875 0.195928125 0.22444921875 0.195225 0.2272609375
5 0.4541604166666667 0.5661226562499999 0.46545625 0.56662109375 0.47376250000000003 0.570109375 0.48206770833333334 0.5765875 0.48640520833333334 0.581134375 0.4886885416666667 0.5865812499999999 0.4888958333333333 0.59669765625 0.488065625 0.60603515625 0.4832927083333333 0.6138171875 0.47789791666666664 0.6184859375 0.4637864583333334 0.6244 0.44739375 0.62502265625 0.43660312500000004 0.62346640625 0.42539687499999995 0.6161515625 0.418134375 0.60572421875 0.41668229166666665 0.5948296875 0.422284375 0.58362421875 0.43203749999999996 0.57304140625 0.4430354166666667 0.56759375 0.45486354166666665 0.5660375
5 0.37442499999999995 0.566371875 0.38671770833333335 0.5678664062500001 0.39502291666666667 0.57185390625 0.4023322916666666 0.5770859374999999 0.407315625 0.5838140625 0.40997395833333333 0.5905414062500001 0.4086447916666666 0.60001015625 0.40598645833333336 0.60798359375 0.40033854166666666 0.61595703125 0.38705 0.62393046875 0.369109375 0.6269210937499999 0.35548749999999996 0.62393046875 0.34485625000000003 0.61894765625 0.337546875 0.60947890625 0.335221875 0.60050859375 0.33555416666666665 0.59004296875 0.3451885416666666 0.57932890625 0.3571489583333333 0.5711062499999999
0 0.48916354166666665 0.58090078125 0.48946666666666666 0.49856484375 0.494015625 0.49651796875 0.8873552083333334 0.496290625 0.9003947916666667 0.4999296875 0.9010020833333333 0.50174921875 0.8958458333333332 0.50334140625 0.8964531250000001 0.5092554687499999 0.9006989583333334 0.5124390625 0.9040343750000001 0.51539609375 0.903125 0.5356390625 0.9000916666666666 0.53836875 0.9003947916666667 0.55315234375 0.9006989583333334 0.5749875 0.8964531250000001 0.575896875 0.8958458333333332 0.58135625 0.8897812500000001 0.584540625
8 0.472365625 0.32839453125 0.49324375000000004 0.32861171875 0.49324375000000004 0.3560140625 0.472365625 0.35644921875
8 0.303021875 0.349925 0.32505937500000004 0.35014218750000003 0.32535000000000003 0.37754453125 0.30273125 0.3777625
8 0.47120625 0.45844687500000003 0.49295416666666664 0.4582296875 0.49266354166666665 0.4847625 0.47120625 0.4849796875
8 0.8148020833333334 0.37546875 0.8338666666666666 0.3757546875 0.8334854166666666 0.40377890625 0.8148020833333334 0.40377890625
4 0.05169791666666667 0.29067890625000004 0.04551979166666666 0.29701875 0.05202291666666667 0.40017109375000004 0.05364895833333334 0.40358515625 0.24483333333333332 0.40334140625000003 0.27864791666666666 0.40358515625 0.27637291666666663 0.30433515624999996 0.24093125 0.29019140625