7 0.1302184619815668 0.37730633650519035 0.1641121831797235 0.38010542820069204 0.18849351958525343 0.4211786332179931 0.17704176267281105 0.49388938148788925 0.15746270161290324 0.6178887326989619 0.12680141129032257 0.6184437716262976 0.08838234447004607 0.5976296496539792 0.10685296658986175 0.48939619377162624
7 0.08357992511520737 0.6214008434256055 0.12532373271889402 0.6239987024221453 0.1533991935483871 0.644257785467128 0.1260625 0.8232171280276817 0.09207646889400922 0.8218294766435986 0.051071572580645166 0.818221669550173
7 0.8261022465437787 0.819727616782007 0.8719095622119816 0.8215080017301037 0.9103286290322581 0.8215080017301037 0.9029403801843318 0.761840830449827 0.8885332661290323 0.6577702205882353 0.8767119815668203 0.5737549740484429 0.8471588421658987 0.5731999351211073 0.8382929147465438 0.5754200908304498 0.7983961693548387 0.5967892517301038 0.8039373559907834 0.6409152249134948
7 0.7988578629032258 0.3135088667820069 0.8291499135944701 0.3144211721453287 0.8542700172811061 0.47122091262975774 0.8708937211981567 0.5629047361591696 0.8490982142857143 0.5751157006920415 0.841340581797235 0.5728955449826989 0.8365381624423963 0.5765033520761246 0.8210227534562212 0.584829044117647 0.7981190956221198 0.5842740051903114 0.7951637384792627 0.5640149221453288 0.7693048675115207 0.3888986807958477 0.765610599078341 0.3624637759515571 0.7715213133640554 0.351917928200692 0.7752154377880184 0.3466451124567474 0.7748460541474654 0.34275973183391006
8 0.6481826036866358 0.44107482698961936 0.04405241935483871 0.017277249134948096
8 0.6093490783410138 0.3154811851211073 0.04026641705069125 0.016426254325259515
8 0.45077764976958523 0.4378806228373702 0.04359158986175115 0.01782439446366782
4 0.5687646889400921 0.10634688581314879 0.7064599654377881 0.11454682093425606 0.7247625288018433 0.22966154844290657 0.6962445276497695 0.28082363754325257 0.6885829493087559 0.29457342128027686 0.5511005184331798 0.2888176903114187 0.5476954205069124 0.25939943771626295 0.5459927995391705 0.2104756704152249 0.5476954205069124 0.19065041089965398 0.5528029953917051 0.1545171929065744 0.5587620967741935 0.12254087370242214 0.5625928859447005 0.10911083477508651
0 0.29413522465437786 0.41174751297577855 0.3905460829493088 0.41367106401384085 0.39811448732718896 0.41987370242214533 0.4039628456221198 0.4263347750865052 0.4060269297235023 0.427626946366782 0.40843505184331796 0.4229750216262976 0.4111872119815668 0.4219412846020761 0.41462730414746546 0.42323345588235295 0.4170354262672811 0.43150356833910036 0.41600345622119816 0.4519206314878893 0.4135953341013825 0.5098117430795848 0.4060269297235023 0.6816924740484429 0.4039628456221198 0.7717153979238754 0.4015547235023042 0.8098108780276817 0.39570636520737323 0.8154966479238754 0.3802256624423963 0.8162719506920415 0.35132805299539166 0.8193732698961939 0.324150633640553 0.8178225562283737 0.26325950460829495 0.817305687716263 0.2450266417050691 0.8149797794117647 0.24124236751152073 0.8085187067474048 0.2402103974654378 0.7997316176470588 0.2512188940092166 0.6604310121107266 0.262227534562212 0.5369545847750865 0.2749562211981567 0.4212701124567474 0.2783963133640553 0.41816879325259515 0.283900633640553 0.41842722750865047 0.28837283986175116 0.4197195069204152 0.29181307603686635 0.4158428849480969
8 0.5898099078341014 0.7457936851211073 0.05009792626728111 0.023383434256055362
5 0.20791517857142855 0.3797086937716263 0.22535728686635945 0.36820728806228376 0.2359742223502304 0.3609909169550173 0.25518577188940095 0.3606110510380623 0.2789475806451613 0.36668804065743943 0.2920923099078341 0.3780822880622837 0.29563133640552997 0.3906159169550173 0.3006869239631336 0.3951735510380623 0.30624827188940096 0.3978322880622837 0.30574265552995394 0.40998615916955017 0.3027092453917051 0.4118851643598616 0.29563133640552997 0.41074567474048446 0.2920923099078341 0.4156832828719723 0.28501440092165903 0.41986105103806226 0.2789475806451613 0.41986105103806226 0.273891849078341 0.42251978806228374 0.27136405529953916 0.43429379325259515 0.27186952764976957 0.44264954584775085 0.21676252880184332 0.4411302984429066 0.20816791474654378 0.4327745458477509 0.21322364631336405 0.4126447880622838 0.21120132488479265 0.4050485510380623 0.2086735311059908 0.3955534169550173 0.20614559331797233 0.3875774221453287
1 0.1459830069124424 0.3778106617647059 0.1768225806451613 0.21119993512110727 0.19957315668202766 0.21271918252595157 0.20412341589861752 0.1785364403114187 0.19603427419354838 0.15005092993079586 0.20058438940092166 0.12712337802768164 0.31332618087557607 0.13016187283737024 0.3173706797235023 0.1332003676470588 0.324448732718894 0.1985272491349481 0.32090970622119813 0.21637824394463667 0.5463932891705069 0.2232147491349481 0.5468989055299539 0.19662824394463665 0.5468989055299539 0.1871330017301038 0.5494266993087558 0.1689022491349481 0.5595381624423963 0.11762824394463668 0.5640882776497695 0.10851286764705882 0.5721774193548387 0.10585423875432527 0.7059128744239632 0.11496950692041523 0.7119796947004609 0.1510512543252595 0.7220910138248847 0.2281522491349481 0.7817481278801843 0.23043112024221454 0.7847816820276499 0.24030601211072664 0.7903428859447004 0.2410657439446367 0.7969151785714287 0.2874022491349481 0.7938819124423964 0.2923397491349481 0.7979264112903226 0.3139887543252595 0.8262381912442397 0.31512813581314875 0.8711706509216589 0.5629952422145329 0.8504422523041474 0.573629865916955 0.8747096774193549 0.5743894896193771 0.911110599078341 0.8200906141868513 0.9085826612903226 0.8227493512110726 0.8696539458525346 0.8212301038062284 0.860553715437788 0.8322444852941177 0.6942848502304146 0.8360426038062283 0.6614228110599079 0.8637685986159169 0.658895017281106 0.8656676038062284 0.14555328341013823 0.8660473615916955 0.1084445564516129 0.8360426038062283 0.0826605702764977 0.8345233564013841 0.07457142857142857 0.8257877378892734 0.07457142857142857 0.8212301038062284 0.047270737327188936 0.8166723615916955 0.0826605702764977 0.6207355103806228 0.10642223502304148 0.6237738970588236 0.10338882488479263 0.6085816392733564 0.08619945276497695 0.5968076340830449 0.13119513248847928 0.3780287629757786