4 0.603670703575548 0.15567474048442909 0.6099172433679355 0.15796712802768167 0.638815167243368 0.1971464100346021 0.6358976355247982 0.32552076124567475 0.633535755478662 0.32822988754325255 0.6300625720876585 0.3298970588235294 0.5123861014994233 0.3388583477508651 0.4668215109573241 0.31301665224913494 0.46640455594002306 0.30801513840830447 0.4691833910034602 0.17380557958477508 0.4712673010380623 0.172034169550173
8 0.5404622260668974 0.3552417820069204 0.5397791234140715 0.3675374134948097 0.5421014994232988 0.36927941176470586 0.5762560553633218 0.36743490484429064 0.5765294117647058 0.36518079584775087 0.5755729527104959 0.3542171280276817 0.5732505767012687 0.35309018166089967
8 0.5650533448673587 0.48147707612456747 0.5651900230680508 0.4939777249134948 0.5669659746251442 0.4943875432525951 0.6000276816608997 0.4941827422145329 0.6011205305651672 0.49274826989619375 0.6013938869665514 0.47994009515570935 0.5992079008073817 0.4788131487889274 0.5681955017301038 0.4790179498269896
8 0.40864504036908883 0.4830650951557094 0.40765859284890427 0.48528438581314876 0.4079544405997693 0.49519723183391 0.4099273356401384 0.4956410034602076 0.4399123414071511 0.4956410034602076 0.4405040369088812 0.4937175605536332 0.4410957324106113 0.4835828287197232 0.43882727797001153 0.4820294117647059 0.4116040945790081 0.4819554498269896
8 0.5008125720876586 0.7394647491349481 0.5004158016147635 0.7522603806228374 0.5016061130334487 0.7533762975778547 0.5348347750865052 0.755831098615917 0.5363226643598616 0.755012759515571 0.5361242791234141 0.7427381055363321 0.5355291234140714 0.7408038494809688 0.5039867358708189 0.7379768598615918
7 0.6815743944636677 0.3769459342560554 0.7105983275663207 0.3758576989619377 0.7284962514417532 0.39169982698961936 0.7257551903114187 0.6228014705882352 0.7055997693194925 0.6265503892733564 0.6783497693194924 0.6249781574394463 0.6773820645905421 0.6215921280276817 0.6802846020761245 0.3786390570934256
7 0.6807684544405999 0.6382807093425605 0.7049547289504037 0.6305410899653979 0.7252713379469434 0.6323551038062284 0.7275288350634372 0.6340482266435986 0.7244651095732411 0.8248793252595156 0.7025360438292965 0.8460423875432526 0.694151384083045 0.8460423875432526 0.6725449826989619 0.8431401384083045 0.6710937139561707 0.8399958910034602 0.678994521337947 0.640094723183391
7 0.21675519031141868 0.6539351211072664 0.23487831603229528 0.654886678200692 0.22926009227220298 0.7739569636678201 0.17670242214532872 0.7902679498269897 0.17108419838523647 0.7902679498269897 0.15712918108419838 0.7883648356401384 0.15531689734717416 0.7861900951557093 0.1598477508650519 0.6605953719723183
7 0.15892964244521338 0.6394271193771626 0.1584587658592849 0.6406632785467128 0.15869434832756632 0.6426057525951557 0.18023817762399078 0.6436652249134948 0.23462745098039214 0.6366900951557093 0.24239734717416378 0.4887971453287197 0.23874769319492503 0.4854420415224914 0.23698183391003458 0.482969723183391 0.2363933102652826 0.4815570934256055 0.18859659746251442 0.47555298442906574 0.16846539792387544 0.47572967128027677 0.1671704152249135 0.4766124567474049
0 0.2685818915801615 0.7860337370242214 0.271461937716263 0.7883739186851211 0.29570386389850056 0.7901740916955017 0.2991842560553633 0.7896340830449827 0.3097450980392157 0.7901740916955017 0.31310524798154554 0.79215419550173 0.33494723183391 0.794314446366782 0.349873414071511 0.7918019031141869 0.3562848904267589 0.7918758650519031 0.35924423298731256 0.7951310553633218 0.3626966551326413 0.7969065743944637 0.36624740484429064 0.7955748269896193 0.3892303921568628 0.7824065743944637 0.3966283160322953 0.4985473615916955 0.3931761822376009 0.49595804498269896 0.3890331603229527 0.49499632352941175 0.38084602076124563 0.4941085640138408 0.3744345444059977 0.4930728806228374 0.372560553633218 0.4926291089965398 0.37147549019607845 0.4931468425605537 0.37108073817762394 0.4936647923875433 0.36683938869665517 0.4941085640138408 0.36003316032295274 0.4940346020761246 0.3558904267589389 0.49396064013840835 0.34947895040369087 0.49388667820069204 0.3431658016147635 0.49396064013840835 0.2855625720876586 0.4941085640138408 0.2834910611303345 0.4927030709342561 0.28082785467128024 0.4946265138408304 0.28013754325259516 0.49817755190311414
1 0.3281617647058824 0.28344593425605535 0.4672773933102653 0.269772491349481 0.4692482698961938 0.17405882352941177 0.4715475778546713 0.1720878027681661 0.604770184544406 0.15570436851211072 0.6105187427912342 0.158907223183391 0.6389331026528259 0.19721734429065743 0.6382629757785467 0.2519108996539792 0.7400951557093426 0.24217949826989618 0.7458437139561707 0.24501254325259517 0.7435253748558246 0.8212346453287197 0.7359974048442907 0.8263382352941177 0.7278483275663206 0.8323628892733564 0.7212125144175318 0.8328868944636678 0.7165556516724336 0.8327121539792387 0.7025853517877739 0.8461585207612458 0.6949019607843138 0.8458966262975779 0.6725495963091119 0.8429279844290658 0.6706868512110726 0.8397846020761246 0.6713852364475202 0.8293068771626297 0.5915245098039216 0.8219725346020761 0.5626528258362168 0.8400464965397924 0.45962946943483274 0.8288704584775086 0.45345934256055365 0.8316643598615917 0.4491516724336793 0.8328868944636678 0.4426323529411765 0.8326247837370242 0.4413517877739331 0.8316643598615917 0.44205017301038063 0.8282590830449826 0.443330738177624 0.8261637110726644 0.4330859284890427 0.8252904411764705 0.42714878892733565 0.8284338235294118 0.42133708189158015 0.8314898356401385 0.41574884659746253 0.8297435121107266 0.4142355824682814 0.8273860294117648 0.41586534025374855 0.8238062283737024 0.40515484429065746 0.8230203287197232 0.39758765859284895 0.8270367647058823 0.3897877739331027 0.826862240484429 0.3881577277970012 0.8252032871972318 0.3893220876585929 0.8226710640138408 0.38967128027681663 0.821361375432526 0.25078863898500575 0.8063434256055364 0.24205738177623992 0.8039859429065743 0.23786620530565167 0.8014537197231834 0.22308102652825837 0.7858246107266436 0.21691089965397922 0.7826814446366782 0.20899452133794694 0.7813715397923875 0.20712946943483276 0.7811096453287197 0.17755911188004614 0.7900157871972319 0.17464878892733565 0.7903650519031142 0.1563708189158016 0.788094723183391 0.15520674740484428 0.7862612456747405 0.15963062283737026 0.6607913062283737 0.20386966551326413 0.6553778114186851 0.20503373702422145 0.6406217560553633 0.18023673587081893 0.6437649221453287 0.15869925028835064 0.6424552335640139 0.1584665513264129 0.6405343858131488 0.15916493656286046 0.6395739619377162 0.16719780853517877 0.4765590397923875 0.16882785467128028 0.47568576989619377 0.1881531141868512 0.47568576989619377 0.21283391003460206 0.4784798875432526 0.21772347174163784 0.3599076557093426 0.20654728950403692 0.35536743079584776 0.20445184544405998 0.35370847750865053 0.20398615916955018 0.35108888408304495 0.20992358708189157 0.27678481833910035 0.20648529411764707 0.27522534602076126 0.18914561707035754 0.26832482698961935 0.18649163783160325 0.2664671280276817 0.18649163783160325 0.26427746539792385 0.1885262399077278 0.2447701124567474 0.19029555940023068 0.2433103373702422 0.2648745674740485 0.23587910899653977 0.26929815455594003 0.23660899653979237 0.32874538638985 0.26686115916955017 0.32901066897347175 0.26918749999999997 0.3279489619377163 0.28245761245674744
5 0.2946482122260669 0.39319333910034604 0.2970870818915802 0.3919738321799308 0.3026620530565167 0.39162543252595156 0.30986274509803924 0.39310618512110723 0.3225219146482122 0.404342776816609 0.3220573817762399 0.414098615916955 0.32077970011534024 0.4152309688581315 0.3206637831603229 0.42080579584775085 0.3220573817762399 0.42359320934256056 0.3210354671280277 0.4310175173010381 0.3202716262975778 0.4320358996539792 0.30643915801614763 0.4436831747404844 0.3000743944636678 0.44298313148788926 0.2640925605536332 0.4443834342560554 0.2602736447520185 0.44317409169550176 0.25620040369088815 0.44298313148788926 0.2544183967704729 0.44241025086505187 0.253909169550173 0.44088278546712806 0.2542485582468281 0.4392915224913495 0.25518194925028836 0.438336937716263 0.2548425605536332 0.4372549740484429 0.2542485582468281 0.43585467128027683 0.2483166089965398 0.4343272058823529 0.2450919838523645 0.43235402249134947 0.24118829296424454 0.4285988321799308 0.23855738177623992 0.42567106401384086 0.2361813725490196 0.42108845155709346 0.2347387543252595 0.41726967993079583 0.2349083044982699 0.4118596453287197 0.23575692041522492 0.40721345155709343 0.23796337946943483 0.40237629757785465 0.24110322952710495 0.39836656574394463 0.2441583044982699 0.39505687716262977 0.24806199538638984 0.3921291089965398 0.25357814302191467 0.38939230103806227 0.2586698385236448 0.38831033737024223 0.26554382929642445 0.3878648356401384 0.2724175317185698 0.3883739186851211 0.2816675317185698 0.39034710207612455 0.28989936562860436 0.3928293685121107 0.2926150519031142 0.3935294117647059
5 0.28708391003460204 0.4479470155709342 0.29624336793540945 0.44770155709342563 0.29624336793540945 0.44672015570934254 0.3029166666666667 0.4465730968858132 0.3076271626297578 0.4476524653979239 0.320646770472895 0.45913451557093427 0.3211701268742791 0.460165008650519 0.3214319492502884 0.4674271193771626 0.319207324106113 0.46958628892733567 0.31933823529411764 0.47468923010380626 0.32071222606689737 0.47704455017301034 0.31979613610149943 0.4865640138408304 0.3104405997693195 0.4933354238754325 0.28930824682814305 0.4938261245674741 0.2879342560553633 0.4941695501730104 0.2851865628604383 0.49441500865051907 0.2852520184544406 0.4933354238754325 0.2847286620530565 0.49235402249134946 0.28355103806228377 0.49250129757785466 0.28217704728950405 0.4935315743944637 0.2811300461361015 0.4938261245674741 0.2799524221453287 0.49588689446366785 0.27988725490196076 0.4977024221453288 0.25574538638985006 0.4972608131487889 0.25201614763552477 0.4957889273356401 0.2529322376009227 0.4941695501730104 0.24796107266435985 0.49186332179930803 0.2435775663206459 0.48940981833910036 0.24082987312572088 0.48739814013840826 0.23808189158016146 0.48474848615916954 0.2363809111880046 0.48170609861591696 0.23500692041522492 0.4794489619377163 0.23402566320645907 0.4759160899653979 0.23350230680507494 0.4714018166089966 0.23376384083044982 0.467132785467128 0.23500692041522492 0.46291284602076127 0.23677364475201845 0.4586929065743945 0.239848615916955 0.4547184256055363 0.24279267589388698 0.45197058823529407 0.24619463667820068 0.4494679930795848 0.25149394463667823 0.4468674307958478 0.2569244521337947 0.44524826989619376 0.26385928489042676 0.44505190311418685 0.2713177623990773 0.44549351211072663 0.2789726066897347 0.4468674307958478 0.2846643598615917 0.447996107266436
2 0.4753921568627451 0.5256479238754326 0.47285697808535176 0.5297227508650519 0.4766600346020761 0.5327110726643598 0.48010092272203 0.5339333910034602 0.48010092272203 0.5412679498269896 0.4761167820069204 0.5445278979238755 0.4657938292964245 0.546836937716263 0.45384111880046135 0.5506401384083045 0.45058131487889275 0.5533566176470588 0.4565576701268743 0.5620495242214533 0.4543843713956171 0.567346669550173 0.458368800461361 0.5742737889273356 0.4603607266435986 0.5773979238754325 0.4581877162629757 0.5841892301038063 0.4661559976931949 0.5863624567474048 0.47140801614763556 0.5843250432525952 0.4759356978085352 0.5839176038062284 0.471770184544406 0.5864982698961937 0.465431660899654 0.5905730968858132 0.4630772779700115 0.5995376297577855 0.45999855824682817 0.6038840830449828 0.4676049596309112 0.6078228806228373 0.46941580161476354 0.6097244809688581 0.46416407151095734 0.6125769896193771 0.4565576701268743 0.6174666955017302 0.46470732410611304 0.6203189878892733 0.47303806228373707 0.6253445069204152 0.4772032871972318 0.6271102941176471 0.4944080161476355 0.6276535467128027 0.50744723183391 0.6261596020761245 0.5192188581314879 0.6237147491349481 0.522840830449827 0.6180099480968858 0.5251952133794694 0.6155650951557093 0.5391401384083045 0.6128486159169549 0.5427621107266436 0.6072796280276817 0.5431242791234141 0.6015750432525951 0.5376911764705882 0.5960060553633217 0.5328016147635525 0.5936970155709342 0.5335259515570935 0.5890789359861591 0.537510092272203 0.5840534169550173 0.5384158016147635 0.5773979238754325 0.5376911764705882 0.5746812283737024 0.5413134371395617 0.5678899221453286 0.5423999423298731 0.5606911764705882 0.5416756055363322 0.5551224048442907 0.5356992502883506 0.5457502162629758 0.5257384659746251 0.5363782439446367 0.5233843713956171 0.5332543252595155 0.5221164936562861 0.5278211505190311 0.5188566897347174 0.5252404844290658 0.5085340253748558 0.5222523788927336 0.4936836793540946 0.5237465397923876 0.48752595155709344 0.5238823529411765 0.4822742214532872 0.5237465397923876 0.47774653979238757 0.5251046712802768
2 0.49151038062283736 0.38696929065743946 0.5012897923875432 0.38656185121107267 0.5096205305651672 0.3866976643598616 0.5126992502883506 0.38954995674740484 0.513785755478662 0.3952547577854671 0.5141479238754325 0.3994653979238754 0.515777970011534 0.40258931660899655 0.513785755478662 0.4076148356401384 0.513785755478662 0.41250475778546714 0.5121559976931949 0.41780190311418686 0.5098016147635525 0.4226916089965398 0.5112502883506344 0.425679714532872 0.5148725490196079 0.4274455017301038 0.5096205305651672 0.4327428633217993 0.5056363898500577 0.43559515570934254 0.5014708765859285 0.4430655276816609 0.5016519607843137 0.4464612889273356 0.4987543252595156 0.44958520761245674 0.492777970011534 0.45447491349480973 0.487707324106113 0.44917776816608995 0.4862583621683968 0.4430655276816609 0.4844472318339101 0.4372251297577855 0.4811874279123414 0.43287867647058825 0.47756545559400226 0.4296187283737024 0.47575432525951555 0.425679714532872 0.47684111880046137 0.4205183823529412 0.47774653979238757 0.41264057093425605 0.4766600346020761 0.4053057958477509 0.47774653979238757 0.3994653979238754 0.48915599769319495 0.39606963667820066