8 0.3017578125 0.5839270833333334 0.028664062499999997 0.021156249999999998
8 0.42675 0.57984375 0.0266484375 0.021593750000000002
8 0.327359375 0.73571875 0.02753125 0.019874999999999997
8 0.337984375 0.24680208333333334 0.0302734375 0.022125
7 0.15299765625 0.15881875 0.174784375 0.15956979166666668 0.1997453125 0.17213020833333334 0.21025546875 0.41015416666666665 0.18529453125 0.41745625 0.16383671875 0.41774791666666666 0.1533265625 0.15935520833333333
7 0.16723046875 0.432153125 0.19153437499999998 0.42035833333333333 0.20751875000000003 0.42181875 0.21846640625 0.6338791666666667 0.22021875 0.6779302083333333 0.22131328125 0.6823114583333333 0.21846640625 0.6852322916666667 0.21802890625 0.6910739583333334 0.22065625 0.6937031250000001 0.22240781250000002 0.6937031250000001 0.22240781250000002 0.6975 0.21080312499999998 0.7144416666666668 0.2024828125 0.7284624999999999 0.18343281250000001 0.7281697916666666 0.1794921875 0.6560666666666666 0.1768640625 0.6145895833333334 0.1729234375 0.5509125 0.1696390625 0.4888927083333333 0.16744921875000002 0.4520885416666667
7 0.5934984375 0.17165104166666667 0.6102296875000001 0.15935104166666667 0.6316453125 0.15935104166666667 0.63261875 0.168440625 0.62458828125 0.353490625 0.60609296875 0.35543854166666666 0.58930078125 0.3495947916666667
7 0.59106484375 0.3768864583333333 0.6071265625 0.375134375 0.6241625 0.37903020833333334 0.618078125 0.6160229166666666 0.5976359375 0.616996875 0.5847375 0.5874541666666667
4 0.252859375 0.82484375 0.25737421875 0.8102083333333333 0.26511328125 0.7918541666666666 0.27177734375 0.770346875 0.27392656249999997 0.7686260416666666 0.36206484375 0.7666187499999999 0.36614921875 0.7689125 0.36700937499999997 0.7864062500000001 0.36722421875 0.8070541666666667 0.3674390625 0.8351572916666666 0.369159375 0.854084375 0.36872890625 0.88018125 0.368084375 0.9016895833333333 0.36851406249999996 0.9157416666666667 0.36765390625 0.93925625 0.36636406250000003 0.9535958333333333 0.36271015625 0.9733833333333333 0.36098984375 0.979978125 0.3573359375 0.982846875 0.2646828125 0.9842583333333333 0.26016875 0.9819645833333334
5 0.53629765625 0.567278125 0.56716953125 0.5675697916666667 0.57014453125 0.5727791666666667 0.57033046875 0.5921302083333334 0.5716328125000001 0.6055270833333334 0.57405 0.6124739583333334 0.571075 0.62934375 0.5643796875 0.6410041666666667 0.55191953125 0.6489427083333333 0.5411328125 0.64720625 0.5331359375 0.643484375 0.52885859375 0.6385229166666666 0.5232796875 0.6295916666666667 0.51993203125 0.6228937499999999 0.5154687499999999 0.6164427083333333 0.5154687499999999 0.5824552083333334 0.5234656249999999 0.5812145833333333 0.52885859375 0.58394375 0.53071875 0.582703125 0.5318343750000001 0.5732750000000001 0.5318343750000001 0.5678177083333333
5 0.51732890625 0.6567197916666667 0.53071875 0.6405937500000001 0.5377859375 0.6470447916666667 0.5467125 0.6490291666666667 0.5567546875 0.6502697916666667 0.56214765625 0.6465479166666667 0.566053125 0.641834375 0.56902890625 0.6403458333333333 0.56995859375 0.647540625 0.56977265625 0.6584562500000001 0.56977265625 0.671853125 0.5725625 0.6810322916666667 0.5731203125000001 0.6892197916666666 0.572190625 0.701128125 0.5651234374999999 0.714525 0.5578703125 0.7204791666666667 0.5476421874999999 0.722215625 0.53555390625 0.7217197916666667 0.5301609375 0.7162614583333333 0.5238375 0.707578125 0.5232796875 0.698646875 0.52048984375 0.6949260416666667 0.5177007812500001 0.6914520833333333 0.5160265625 0.6790479166666666
1 0.61161640625 0.7873447916666667 0.610175 0.8453427083333334 0.59195 0.8443510416666666 0.5911921875 0.8745322916666667 0.5984453125 0.8993416666666667 0.59714296875 0.92985625 0.5248 0.9325854166666667 0.52256875 0.9296083333333333 0.5155015625 0.8683302083333333 0.5166171875 0.8477385416666666 0.36906249999999996 0.8547135416666667 0.36831796875 0.9073083333333333 0.36794609375 0.9360875 0.36571484375 0.9643697916666666 0.36032109375 0.97900625 0.3566203125 0.9839302083333333 0.26549453125 0.9849229166666666 0.26047265625 0.9819458333333333 0.25489375000000003 0.8574052083333333 0.20813125000000002 0.857653125 0.2079453125 0.841775 0.20478359375 0.842271875 0.2006921875 0.7799666666666667 0.20292343750000003 0.7794697916666667 0.20125 0.7296041666666666 0.183396875 0.7281156249999999 0.166659375 0.438334375 0.16647343750000002 0.43287708333333336 0.16982031250000001 0.4301479166666667 0.18116484375 0.42692291666666665 0.18172265625 0.418984375 0.16386953124999998 0.4184875 0.1527109375 0.15938541666666667 0.17837578125 0.16037812499999998 0.17911953125 0.16136979166666665 0.18042109374999998 0.16037812499999998 0.2756390625 0.157896875 0.3003734375 0.12812604166666666 0.5816375 0.13002916666666667 0.6032203125 0.15768645833333333 0.61679609375 0.15669375 0.61921328125 0.15867812499999998 0.631115625 0.15967083333333332 0.63334765625 0.16736145833333332 0.631115625 0.18745729166666666 0.62497890625 0.353840625 0.62014375 0.355825 0.6199578125 0.3779052083333333 0.6242351562499999 0.3801375 0.6184695312499999 0.6168843749999999 0.613634375 0.6161395833333334