4 0.24593333333333334 0.33305234375000003 0.033511458333333334 0.33190624999999996 0.028261458333333333 0.2204265625 0.22500729166666666 0.22228046875000002 0.24384791666666666 0.22969765625
8 0.446834375 0.2547359375 0.4653802083333333 0.255053125 0.4653802083333333 0.283159375 0.44792499999999996 0.2837046875
8 0.4485604166666667 0.38864609375 0.46677708333333334 0.3892421875 0.46716875 0.41775703125 0.44797291666666667 0.41716953125
8 0.8000510416666666 0.29990625 0.8207166666666666 0.300115625 0.8199135416666666 0.3293234375 0.8002510416666666 0.32962421875
8 0.27246770833333334 0.27799140625 0.29061145833333335 0.27793203125 0.29110520833333337 0.30682890625 0.2725916666666667 0.30682890625
0 0.46674895833333335 0.4295640625 0.8855114583333333 0.42553984375000004 0.8836364583333334 0.51049765625 0.46712395833333337 0.50965390625
7 0.32083020833333337 0.14671328125 0.32155833333333333 0.16975625 0.33195729166666665 0.18130546875 0.6339645833333333 0.18005703125 0.6372927083333334 0.16757109375 0.6368760416666667 0.14634453125
7 0.6494604166666667 0.14476328125 0.6431166666666667 0.17538828125 0.886884375 0.17694921875 0.9026916666666666 0.16883281249999998 0.9026916666666666 0.14479765625000002
7 0.90175625 0.6051968750000001 0.901340625 0.5820984375 0.8847010416666666 0.57304609375 0.7049947916666667 0.5733578125000001 0.700834375 0.59115078125 0.7120656249999999 0.60738203125
7 0.4414666666666667 0.608459375 0.44084270833333333 0.58606640625 0.44084270833333333 0.57732578125 0.6829468750000001 0.5757656250000001 0.6871072916666667 0.58606640625 0.686275 0.60854140625
5 0.3321895833333333 0.50165546875 0.35915625 0.50231484375 0.36970833333333336 0.5046609375 0.3818229166666667 0.5119921875 0.3892489583333333 0.5213765625 0.3896395833333333 0.5419046875 0.38768541666666667 0.5603796875 0.31343125 0.561553125 0.3118677083333333 0.54982265625 0.30913229166666667 0.53955859375 0.3122583333333333 0.52254921875 0.31694791666666666 0.5137515625 0.3243739583333333 0.509353125
5 0.3961854166666667 0.50751796875 0.4142604166666667 0.5029007812499999 0.417778125 0.50143515625 0.41895 0.4949828125 0.4334104166666667 0.49527656249999996 0.4416177083333333 0.49527656249999996 0.4435708333333333 0.50231484375 0.4537322916666667 0.5043671875 0.4599854166666667 0.5111125000000001 0.4693645833333333 0.5222562500000001 0.4697552083333333 0.5392648437500001 0.4685833333333333 0.5580335937500001 0.445915625 0.5603796875 0.39237500000000003 0.5595 0.3943291666666667 0.51228515625
1 0.14552708333333333 0.58407890625 0.13787395833333335 0.5838593750000001 0.128596875 0.58873203125 0.09241875 0.5856 0.09612916666666667 0.50624453125 0.12303125 0.49997968750000005 0.143903125 0.501371875 0.139265625 0.33420625 0.03211979166666667 0.33176953125 0.03211979166666667 0.327940625 0.027482291666666665 0.22270234375000003 0.029337500000000002 0.21922187499999998 0.13369895833333334 0.21922187499999998 0.13184374999999998 0.15135234375 0.322478125 0.15065625 0.3215510416666667 0.14578359375 0.6355291666666666 0.14534687500000001 0.6420229166666667 0.1495234375 0.6489802083333333 0.14987109375000002 0.6499083333333334 0.14534687500000001 0.8991947916666666 0.14534687500000001 0.9038322916666667 0.14708671874999998 0.90336875 0.16727421874999998 0.9019770833333334 0.25567890625 0.928415625 0.27760625 0.928415625 0.4807359375 0.9279520833333332 0.5627695312500001 0.900121875 0.583653125 0.90105 0.6034921875 0.7113427083333334 0.60801640625 0.682121875 0.60836484375 0.38480624999999996 0.60801640625 0.14597916666666666 0.60975703125