4 0.1269048099078341 0.8642440527681662 0.09962773617511521 0.8642440527681662 0.09097897465437789 0.8552476211072664 0.13821486175115208 0.6203412629757785 0.353770017281106 0.6268386678200691 0.3664105702764977 0.6343356401384084 0.3956836117511521 0.6583261245674741 0.3723983294930876 0.8712412413494809 0.342459965437788 0.8757395112456747 0.3324805587557604 0.8797378892733564
8 0.32507056451612903 0.6126978806228374 0.0546817396313364 0.022051254325259517
8 0.31139976958525345 0.44792603806228376 0.04837269585253456 0.018214749134948097
8 0.5405141129032258 0.44985077854671285 0.051790034562211984 0.019104671280276816
8 0.4277966589861751 0.18229455017301038 0.04324596774193549 0.016969074394463667
7 0.10242641129032258 0.5598036332179931 0.04351252880184332 0.5213112024221453 0.12485555875576036 0.25471096453287195 0.15894786866359445 0.25471096453287195 0.19722695852534564 0.30503589965397926 0.15117252304147466 0.4946530060553634 0.13442540322580646 0.4838690527681661 0.12784619815668202 0.4870143814878892 0.12784619815668202 0.4915076773356401 0.14818188364055299 0.5085821799307959 0.14519138824884792 0.5229607482698962 0.12904233870967743 0.5130754757785466 0.1212669930875576 0.5139741565743945 0.11708021313364055 0.5175687716262976 0.12066877880184332 0.5229607482698962 0.1398083237327189 0.5373393166089966 0.1362197580645161 0.551268490484429 0.11947263824884793 0.5445285467128028 0.1128934331797235 0.5454272275086505 0.11050086405529953 0.5499205233564014 0.11708021313364055 0.5575591479238754
7 0.18081782834101381 0.08123432093425606 0.20950619239631335 0.08094842128027682 0.2390027361751152 0.13801600346020762 0.1994046658986175 0.294344723183391 0.1917273905529954 0.2970766652249135 0.1598065956221198 0.25549026816608994 0.13394657258064516 0.2551866349480969 0.12546126152073733 0.24395523356401383 0.17960555875576037 0.08094842128027682 0.18041373847926265 0.08094842128027682
7 0.8348932891705069 0.06796074826989619 0.8698446140552996 0.06820544982698962 0.8896437211981566 0.19357201557093426 0.8819665898617511 0.21239219290657438 0.860551267281106 0.21117798442906574 0.8383277649769585 0.25276448961937714 0.8294385080645161 0.25033607266435987 0.8120637960829492 0.13650443339100346 0.8346912442396313 0.06820544982698962 0.8350953341013825 0.06820544982698962 0.8375197292626728 0.06881260813148789 0.8350953341013825 0.06729476643598616
7 0.9269184907834102 0.424251946366782 0.8925731566820276 0.46917755190311417 0.8549953917050691 0.46614197664359863 0.8347923387096774 0.2551740916955017 0.8602481278801843 0.21245404411764707 0.8937854262672811 0.21275756920415226
5 0.7472983870967742 0.5081230536332181 0.7683325172811061 0.4994300389273357 0.7870296658986176 0.5001323529411765 0.8099334677419354 0.5025905060553634 0.8290980702764976 0.5113692690311419 0.8403162442396314 0.5261177551903115 0.844523185483871 0.5419196583044983 0.8417186059907834 0.5524542603806228 0.8398487903225806 0.5629888624567474 0.8389140264976959 0.5914323096885813 0.8323699596774193 0.5966996107266436 0.7477658410138248 0.59705071366782 0.7229922235023041 0.5812488105536332 0.7183179723502304 0.5359500432525952 0.7300036002304148 0.5261177551903115
5 0.7432083813364055 0.42037954152249135 0.7642425115207373 0.417380839100346 0.7871464573732718 0.4166785250865052 0.8035064804147466 0.421594723183391 0.8226709389400922 0.4310758001730104 0.8343565668202765 0.44617549740484425 0.830617223502304 0.4637331314878893 0.8254755184331797 0.47672577854671283 0.8268777361751152 0.4914742647058824 0.8254755184331797 0.5055203287197232 0.8161268721198157 0.5051692257785467 0.7983647753456221 0.501306552768166 0.788548819124424 0.4981461937716263 0.7717213421658986 0.4991996107266436 0.7595682603686637 0.5027111807958478 0.744143289170507 0.50797848183391 0.7390015841013825 0.5118411548442906 0.7156301843317973 0.4967415657439446 0.7142279665898618 0.46057277249134954 0.7174998559907835 0.4524962153979239 0.7221741071428571 0.44933585640138407 0.7436758352534563 0.4205411980968858
1 0.7291856278801844 0.7924123053633219 0.3828224366359447 0.7821699826989619 0.37207157258064516 0.872065311418685 0.33280774769585253 0.8783860294117647 0.31878499423963136 0.878737240484429 0.09937485599078341 0.8639887543252595 0.08675446428571429 0.8552098832179931 0.10872350230414747 0.7684750216262975 0.047023185483870966 0.7628565095155709 0.04188148041474654 0.7614519896193772 0.05122998271889401 0.7228250432525951 0.039544354838709675 0.7210693122837369 0.05777390552995392 0.643815527681661 0.06852476958525346 0.643815527681661 0.09142871543778801 0.5534935121107266 0.04234879032258065 0.5225920198961937 0.09376584101382489 0.3515314662629758 0.12368116359447004 0.2548621323529412 0.1348993375576037 0.2548621323529412 0.12508338133640554 0.24432753027681664 0.1797723214285714 0.0818900302768166 0.20922019009216591 0.08153892733564014 0.23866805875576036 0.13561645761245675 0.3536549539170507 0.1331584126297578 0.3863748559907834 0.11454725346020762 0.45461909562211983 0.11279152249134948 0.4588260368663595 0.10576849048442907 0.45929349078341014 0.10085229238754326 0.45929349078341014 0.08294344723183392 0.4611631624423963 0.08153892733564014 0.4625653801843318 0.06538581314878893 0.4686419930875576 0.06503471020761246 0.4751859158986175 0.10155460640138408 0.48733899769585254 0.10401265138408304 0.4915459389400922 0.1075242214532872 0.493883064516129 0.10085229238754326 0.4929481566820277 0.08259234429065744 0.4943503744239631 0.08259234429065744 0.4957527361751152 0.06433239619377162 0.501829349078341 0.06573691608996539 0.5051012384792627 0.08469928633217993 0.5088407258064516 0.10225692041522491 0.516786866359447 0.10541727941176471 0.5219285714285714 0.1075242214532872 0.5261355126728111 0.10155460640138408 0.524733150921659 0.08294344723183392 0.5266029665898618 0.08153892733564014 0.5261355126728111 0.0706531141868512 0.5284726382488479 0.06714154411764706 0.5331468894009217 0.06538581314878893 0.539223358294931 0.0727600562283737 0.5401582661290323 0.10190581747404844 0.5504416762672811 0.1043638624567474 0.5555833813364055 0.1096311634948097 0.5616598502304148 0.11103579152249134 0.583628888248848 0.11279152249134948 0.5906404089861751 0.10471496539792388 0.5967168778801843 0.10611959342560554 0.5990540034562212 0.11138689446366781 0.6401408410138248 0.11055590397923876 0.6625773329493088 0.10880017301038061 0.7032433755760369 0.11020469290657439 0.7149291474654378 0.10247934688581316 0.7247451036866359 0.10809785899653979 0.7513883928571428 0.10844896193771626 0.7939242511520738 0.11055590397923876 0.8172955069124425 0.12109050605536333 0.8373948732718894 0.06841749567474048 0.8691798675115208 0.06876859861591696 0.8878768721198157 0.193779303633218 0.8827353110599079 0.21168814878892733 0.8934860311059908 0.21203925173010382 0.9270823732718894 0.42588678633217997 0.9107224942396313 0.4473072015570934 0.9317566244239632 0.6067033953287196 0.9513885368663595 0.7863729455017302 0.9457793778801844 0.7944493944636678 0.939702908986175 0.7948006055363321 0.9387680011520738 0.8137628676470589 0.9336262960829492 0.8197324826989619 0.7588087557603687 0.8169232266435986 0.7288934331797234 0.8169232266435986 0.7302956509216589 0.7919913494809688