9 0.5426379598662208 0.4667904817179338 0.008900501672240803 0.011253627394080094
9 0.6932232441471572 0.511288450377249 0.010622909698996656 0.014863609982588509
9 0.5165342809364548 0.5344863609982589 0.004326923076923077 0.01016250725478816
9 0.5011789297658863 0.3812188044109112 0.010819397993311036 0.008879860708067325
8 0.4827341137123746 0.2650203134068485 0.02201923076923077 0.0612304120719675
8 0.2897658862876254 0.29711549622751016 0.022299331103678932 0.05946024376088219
8 0.47253344481605347 0.5350841555426582 0.021743311036789295 0.05976784677887406
8 0.8613963210702341 0.3885606500290192 0.021216555183946488 0.0595821242019733
0 0.4945597826086957 0.583987231572838 0.9408971571906355 0.6159193267556587 0.9395514214046823 0.62962681369704 0.9377571070234113 0.6377266395821243 0.9467286789297659 0.6414648868253047 0.9458315217391304 0.7698177597214161 0.9395514214046823 0.779786999419617 0.9391028428093645 0.7903789901334881 0.9346170568561872 0.7966099825885083 0.4784109531772575 0.7698177597214161 0.4757194816053512 0.7579791062100987 0.47975668896321066 0.5922426001160765 0.4945597826086957 0.5847655252466628
7 0.44520610367892977 0.8839924550203133 0.7010739966555184 0.9024579222286709 0.7219774247491639 0.9359599535693558 0.7211734949832777 0.9845368543238537 0.44299498327759196 0.9649941961694718 0.4421910535117057 0.9203255948926291
7 0.7346404682274248 0.9021294254207777 0.9244807692307693 0.9163871154962275 0.9602583612040134 0.9482135809634358 0.9570422240802675 0.9923244341265236 0.7524285117056856 0.9822739408009287 0.7287107023411371 0.9342547881601857 0.7307207357859532 0.9080116076610563
7 0.720068143812709 0.029438769587928033 0.9923173076923077 0.056056297156123036 0.9911112040133778 0.10240046430644226 0.9472938963210703 0.12194312246082414 0.6968528428093645 0.09905049332559489 0.6936371237458194 0.0873244341265235 0.7008729096989966 0.07504062681369704 0.7020790133779264 0.051031340684852
7 0.3577729933110368 0.003627394080092861 0.7021793478260869 0.029708647707486942 0.7005714882943144 0.07549390597794545 0.6808737458193981 0.10341207196749855 0.35405434782608697 0.07828612884503773 0.3508386287625418 0.04869297736506094 0.3508386287625418 0.005698781195589089 0.35485827759197325 0.004023795705165409
4 0.019094481605351172 0.1250087057457922 0.23627090301003342 0.14537434706906557 0.2531542642140468 0.1699419616947185 0.2439084448160535 0.3787690075449797 0.1546663879598662 0.37318572257690075 0.005527591973244147 0.3553180499129425 0.011155100334448161 0.133648868253047
5 0.3260994983277592 0.7255734184561811 0.3659598662207358 0.72939175856065 0.38760827759197325 0.7628020893789901 0.38279765886287626 0.8444184561810795 0.3790175585284281 0.8496686012768427 0.3625238294314381 0.8468049912942542 0.34809155518394647 0.8568282066163668 0.33950083612040133 0.8573052814857806 0.32884866220735787 0.8568282066163668 0.31579096989966554 0.84537318630296 0.29964046822742474 0.84537318630296 0.30135869565217394 0.811485780615206 0.2999841137123746 0.8019396401625072 0.3003277591973244 0.7890528148578062 0.30135869565217394 0.7785525246662797 0.30376379598662206 0.7713934997098085 0.3020459866220736 0.755642484039466
5 0.41879222408026756 0.7276140452698782 0.4614017558528428 0.7329599535693558 0.47514673913043476 0.760642484039466 0.4758340301003344 0.7687568195008706 0.47892642140468233 0.7735293093441671 0.4754903846153846 0.7883255948926292 0.47789548494983275 0.7988258850841555 0.477551839464883 0.8098032501450957 0.4761776755852843 0.8193493905977945 0.4744594481605351 0.8265084155542659 0.47308486622073576 0.8498955310504933 0.45556020066889635 0.8513273360417876 0.44318938127090296 0.8580098665118979 0.4321935618729097 0.8580098665118979 0.42600836120401336 0.8570551363900174 0.41947951505016723 0.8541915264074289 0.41398160535117057 0.8508502611723738 0.38889673913043477 0.8494184561810795 0.39095861204013377 0.7639837492745212
1 0.12879849498327758 0.36949100406268137 0.007558946488294314 0.3574677887405688 0.010343645484949832 0.133670922809054 0.017504598662207358 0.12593441671503192 0.1368549331103679 0.13698607080673245 0.1408331939799331 0.005331979106210099 0.1710685618729097 0.005884503772489843 0.1718641304347826 0.0014637260591990713 0.2518290133779264 0.008095182820661637 0.2546137123745819 0.00975275681950087 0.3500936454849498 0.01914683691236216 0.35248076923076926 0.006989553105049332 0.7013808528428094 0.030751015670342427 0.702574414715719 0.045118398142774234 0.7069506688963211 0.04567092280905398 0.7196814381270903 0.029645966337782936 0.9935798494983278 0.055064422518862455 0.9907951505016722 0.10479744631456761 0.9681187290969899 0.11253337202553686 0.9621513377926421 0.27886186883343006 0.9884080267558528 0.32183749274521184 0.9844297658862876 0.4456163668020894 0.995569397993311 0.4505896691816599 0.9943758361204014 0.45943122460824143 0.9832362040133779 0.45887869994196173 0.9836341973244147 0.49303366221706324 0.9939778428093645 0.493586186883343 0.9927842809364548 0.5018752176436448 0.9836341973244147 0.5046378409750435 0.9820430602006689 0.5366877539175856 0.9927842809364548 0.5422135809634359 0.9888060200668897 0.5516076610562971 0.9808494983277593 0.5516076610562971 0.9677207357859532 0.8931392919326755 0.939872491638796 0.9290574579222287 0.959366220735786 0.9472925130586186 0.9561835284280935 0.9914991294254208 0.7532884615384615 0.9821056297156122 0.7441383779264215 0.9699483459082995 0.7226551003344481 0.9671857225769007 0.7202683946488294 0.9854207777132908 0.44248076923076923 0.9677382472431805 0.44367433110367893 0.9478450377248984 0.10954347826086958 0.9329251305861869 0.11312416387959867 0.8887185142193847 0.10437165551839465 0.8865084155542657 0.09164088628762543 0.9052959953569356 0.05066429765886287 0.9003226929773651 0.05862081939799331 0.7345473012188044 0.09203887959866221 0.705260011607661 0.1186935618729097 0.7085757399883923