9 0.551613712374582 0.4690423679628555 0.007984949832775921 0.010307603017991876
9 0.5623160535117057 0.5323969820081254 0.00632943143812709 0.021404526987811957
9 0.4493979933110368 0.3788856645385955 0.011555183946488294 0.007539175856065003
9 0.5182232441471571 0.3363551944283227 0.011082775919732443 0.006871735345327916
8 0.4824540133779264 0.26468949506674405 0.02533444816053512 0.061538015089959375
8 0.47368729096989964 0.5359721416134648 0.02589046822742475 0.06012768427161926
8 0.2900167224080268 0.2975565873476495 0.023244147157190635 0.057707486941381315
8 0.8607901337792643 0.3879976784677887 0.02338628762541806 0.060800928612884504
7 0.3540033444816053 0.004352872896111433 0.7015330267558528 0.03043818920487522 0.6995100334448161 0.07539408009286129 0.6833273411371238 0.10292977365060942 0.3544076086956522 0.08045153801508996 0.35076672240802675 0.04842077771329077
7 0.7160978260869565 0.02822344747533372 0.991815635451505 0.05641497388276263 0.9897926421404681 0.10137086477074869 0.9485259197324414 0.12328728961114335 0.6944531772575251 0.09912362159024957 0.6928348662207358 0.08732269297736506 0.6997123745819398 0.07608357515960534 0.702140050167224 0.05135751596053396
7 0.7361241638795987 0.9011590249564712 0.9181831103678929 0.9123975623911781 0.960258779264214 0.947238537434707 0.9574268394648829 0.9916326175275683 0.7502842809364548 0.9815177016831108 0.7280326086956521 0.9421810795124782 0.730864966555184 0.9067782936738247
7 0.44766220735785955 0.8876935577481138 0.7013306856187291 0.9039901334881022 0.7199410535117057 0.9382687173534533 0.7199410535117057 0.9854724318049913 0.4428072742474916 0.9652426001160767 0.4415936454849498 0.9247823563551945 0.44483026755852845 0.8916273940800928
5 0.3270990802675586 0.7274683691236217 0.3716020066889632 0.7319640162507255 0.3873804347826087 0.7578136970400464 0.3825255016722408 0.849410911201393 0.36067851170568566 0.8477254788160187 0.35258695652173916 0.8527829367382472 0.3295263377926421 0.8544683691236216 0.31779347826086957 0.8477254788160187 0.29918311036789297 0.847163087637841 0.3003971571906354 0.8229994196169472 0.3003971571906354 0.8151323273360418 0.29918311036789297 0.7971497388276263 0.3020150501672241 0.7729860708067324 0.30322909698996653 0.7555658734764944
5 0.4168135451505017 0.7278885664538596 0.4564619565217391 0.7306982008125362 0.47062207357859537 0.7514904236796286 0.47749958193979936 0.7677869994196169 0.4762859531772575 0.7812739408009286 0.4779042642140468 0.7919506674405107 0.4779042642140468 0.8037515960533953 0.4746676421404682 0.8239820081253627 0.4722403846153846 0.8503934997098085 0.4572709030100334 0.8509553105049332 0.43906521739130433 0.8582605919907138 0.42409573578595317 0.8593847939640162 0.4127675585284281 0.8509553105049332 0.3884933110367893 0.847021474172954 0.3897069397993311 0.7604817179338363
0 0.49004138795986624 0.5852153221125943 0.9225321906354516 0.6127510156703424 0.9411425585284282 0.6149988392338944 0.9379059364548495 0.6363528728961114 0.945997491638796 0.6402861288450377 0.946806856187291 0.6582687173534533 0.9427608695652173 0.7723441671503192 0.9379059364548495 0.7785258270458503 0.9375016722408026 0.7931363900174115 0.9265777591973243 0.7976320371445154 0.476690635451505 0.7678485200232152 0.4754765886287625 0.7605432385374347 0.476690635451505 0.7470562971561231 0.483568143812709 0.5919587928032501
4 0.01770317725752508 0.12483226929773651 0.2381584448160535 0.1471021474172954 0.2550823578595318 0.1724648868253047 0.2443938127090301 0.3803157283807313 0.00790510033444816 0.3599019152640743 0.003006270903010033 0.35062275101567036 0.011468227424749164 0.1316366802089379
1 0.14208026755852843 0.0011729541497388276 0.17287750836120402 0.00548984329657574 0.17349163879598664 0 0.25582148829431434 0.007196169471851421 0.25490008361204014 0.011036564132327335 0.35289715719063547 0.019997098084735924 0.35351170568561874 0.006343006384213581 0.7024456521739131 0.03237144515380151 0.7021383779264214 0.04389262913522925 0.7065932274247492 0.04517237376668601 0.7148875418060201 0.02981137550783517 0.9928812709030101 0.05669355774811376 0.9895020903010034 0.10320313406848519 0.967383779264214 0.1138705745792223 0.9621613712374582 0.27743644805571677 0.9891948160535117 0.31882646546720833 0.9861229096989966 0.44776378409750434 0.9950317725752509 0.4490441091120139 0.9965677257525083 0.4575780615206036 0.9839724080267558 0.4614184561810795 0.9830510033444816 0.49342019733023795 0.9931885451505016 0.4921404526987812 0.993803093645485 0.5032344747533372 0.9836651337792642 0.5057945443993036 0.9833578595317726 0.5386506094022054 0.991038043478261 0.5407840975043529 0.9885802675585285 0.5484643064422519 0.9805932274247492 0.55145153801509 0.9692270066889632 0.8951091120139292 0.9400426421404682 0.9300986651189785 0.9609322742474917 0.9484463145676146 0.9584749163879599 0.991116076610563 0.750806856187291 0.9830087057457921 0.7428198160535118 0.9685014509576321 0.7207010869565217 0.9676477074869414 0.7203938127090301 0.9847156123041207 0.44196237458193977 0.9667945443993036 0.4425769230769231 0.9518601276842716 0.1113064381270903 0.9318049912942542 0.11192098662207357 0.8887086477074869 0.10454807692307692 0.8874289030760302 0.09226003344481605 0.9049233894370284 0.05020443143812709 0.8998026697620429 0.05942015050167224 0.7329640162507255 0.09382692307692307 0.7065089959373186 0.11809573578595318 0.7094956471271039 0.1285405518394649 0.3705316308763784 0.00781061872909699 0.3585844457341846 0.003816889632107024 0.35090365641323273 0.010260451505016721 0.1323911781775972 0.01732608695652174 0.12513755078351713 0.13590551839464884 0.13495124782356355