0 0.28040282583621684 0.49332158304498275 0.3714403114186851 0.49385532006920413 0.3956222606689735 0.49492257785467125 0.3988001730103806 0.5004798875432526 0.3920735294117647 0.7762971453287197 0.3911124567474048 0.78195696366782 0.36420559400230684 0.7942153979238755 0.2671482122260669 0.7880862889273356
7 0.16738523644752018 0.47550886678200693 0.18963119953863897 0.4760151384083045 0.235419261822376 0.4815255190311419 0.24103460207612457 0.4899530709342561 0.23412341407151097 0.636462802768166 0.1801280276816609 0.643593858131488 0.1576660899653979 0.6419731833910034
7 0.15933246828143025 0.6607179930795848 0.20629786620530566 0.6552772491349481 0.2327015570934256 0.6559604238754325 0.2293630334486736 0.7759764273356401 0.17655565167243367 0.7905512543252595 0.1553114186851211 0.7885017301038063
7 0.6789198385236448 0.3766948529411765 0.7107514417531718 0.37582179930795845 0.729075259515571 0.3909818339100346 0.7267260668973472 0.6233192041522492 0.7069927912341407 0.62719723183391 0.6778627450980392 0.6257869809688582
7 0.6795072087658592 0.6378968425605537 0.7015896770472895 0.632123053633218 0.7250816032295271 0.6328280709342561 0.7232024221453287 0.8232106401384083 0.7001802191464821 0.8478899221453288 0.6701101499423299 0.8443644031141868
8 0.5025836216839678 0.7393801903114187 0.5356672433679354 0.7434126297577854 0.5353295847750865 0.7558254757785466 0.4992076124567474 0.7532921712802768 0.5019083044982698 0.7398661332179931
8 0.5836332179930795 0.48695069204152247 0.03660611303344868 0.014275519031141869
8 0.4243944636678201 0.48935337370242216 0.032145328719723185 0.013509948096885813
8 0.5588754325259516 0.36141868512110725 0.03725490196078431 0.014057093425605537
4 0.4691557093425605 0.17221626297577855 0.6052350057670126 0.1564193339100346 0.6094694348327566 0.15844139273356403 0.6391104382929642 0.19570415224913495 0.6387254901960784 0.25174264705882354 0.6383405420991926 0.2676297577854671 0.6371856978085353 0.3291567906574394 0.5113073817762399 0.3395555795847751 0.46434371395617074 0.31211397058823526
5 0.2566675317185698 0.3881749567474049 0.2649224336793541 0.3875121107266436 0.27435668973471744 0.38834493944636683 0.28684313725490196 0.39167625432525954 0.29350288350634374 0.39355017301038064 0.30127220299884655 0.3956323529411765 0.30793166089965396 0.4010460640138408 0.3123713956170704 0.40812521626297577 0.3143137254901961 0.4158293685121107 0.31292618223760094 0.4249907006920415 0.3068217993079585 0.4331111591695502 0.2941153402537485 0.4387932525951557 0.289118800461361 0.4398347750865052 0.2832892156862745 0.43997361591695505 0.278477508650519 0.4394876730103806 0.2711672433679354 0.4392791955017301 0.2631516724336794 0.4380919117647059 0.2527128027681661 0.43579411764705883 0.2449186851211073 0.43224329584775084 0.2396297577854671 0.42723010380622833 0.23573269896193771 0.42085921280276817 0.2342015570934256 0.4152195069204152 0.23531516724336793 0.40843101211072663 0.23782035755478662 0.4032089100346021 0.2422742214532872 0.39683801903114185 0.24756314878892732 0.3927649221453287
5 0.26062168396770474 0.44475627162629755 0.2764290657439446 0.44598399653979237 0.2827520184544406 0.4477631920415225 0.2886006343713956 0.4477631920415225 0.29618800461361017 0.4502541089965398 0.3040916955017301 0.45464294982698955 0.30741118800461364 0.45891306228373707 0.3115210495963091 0.46484385813148793 0.31294377162629755 0.4706559256055364 0.3115210495963091 0.47848442906574395 0.30551441753171854 0.48738062283737027 0.29950749711649366 0.4927182093425606 0.2944492502883506 0.4936671712802768 0.2860715109573241 0.49402314013840826 0.28401643598615917 0.4925996972318339 0.28085495963091117 0.4929554498269896 0.2791162053056517 0.4952091262975779 0.2778517877739331 0.49592084775086503 0.26409948096885816 0.4952091262975779 0.25161159169550174 0.4929554498269896 0.2441822376009227 0.4901087802768166 0.23944002306805076 0.48666890138408303 0.2350141291810842 0.4803823529411765 0.23374942329873127 0.47302833044982695 0.23374942329873127 0.46757201557093425 0.23485611303344867 0.4616412197231834 0.23801730103806226 0.4570151384083045 0.24275951557093425 0.45262651384083047 0.24955680507497116 0.448119160899654 0.25587946943483275 0.4462212370242215
1 0.24337831603229526 0.8047383217993079 0.23993310265282583 0.8037621107266436 0.22226499423298732 0.785201124567474 0.21131055363321802 0.7817541089965399 0.1780945790080738 0.7910346020761246 0.15512600922722028 0.7891784169550173 0.15830622837370242 0.6600471453287198 0.2031833910034602 0.6552742214532872 0.2045968858131488 0.6411340830449827 0.18092156862745098 0.6443159602076125 0.15795299884659744 0.6427251297577854 0.16749365628604385 0.47487391868512113 0.18728200692041524 0.4754041955017301 0.21201730103806227 0.4777906574394464 0.21802450980392157 0.3598365051903114 0.206010092272203 0.35585921280276817 0.20247664359861592 0.3532076124567474 0.20919059976931947 0.27688300173010383 0.18516176470588233 0.26654173875432524 0.1886955017301038 0.24294290657439446 0.26678863898500577 0.23498810553633218 0.32862687427912346 0.26707201557093424 0.32898039215686276 0.2829816176470588 0.4653780276816609 0.26972361591695504 0.46872606689734714 0.17262932525951558 0.6047707612456746 0.15565938581314878 0.6093644752018454 0.15804563148788928 0.6401069780853518 0.19569788062283738 0.6379867358708189 0.25217647058823534 0.7409388696655133 0.24210056228373703 0.7469460784313726 0.2460778546712803 0.7458858131487889 0.5535185986159169 0.745532583621684 0.8233339100346021 0.7282177047289503 0.8331446799307958 0.7179702998846597 0.8318189878892733 0.7020689158016148 0.8477283737024222 0.6692061707035755 0.8442813581314879 0.6709731833910034 0.829432525951557 0.5942935409457901 0.8217428633217994 0.5624907727797002 0.8413646193771626 0.4826309111880046 0.8318189878892733 0.46460957324106117 0.8296976643598616 0.4469414648212226 0.8339400951557093 0.4402275086505191 0.8336749567474049 0.4412874855824683 0.8283717560553633 0.43634054209919265 0.8262506487889274 0.42291291810841986 0.830493079584775 0.41796568627450986 0.8312884948096886 0.41231199538638985 0.8281066176470588 0.4158454440599769 0.8230687716262975 0.4087782583621684 0.822803633217993 0.4013575547866205 0.8265157871972318 0.39252364475201845 0.8283717560553633 0.3851029411764706 0.8259855103806228 0.3861632064590542 0.822803633217993 0.3815870818915802 0.8212125865051902