7 0.37852746539792387 0.18505616359447005 0.6165367647058824 0.1844661578341014 0.6168090397923875 0.2051493375576037 0.6127242647058824 0.2791732430875576 0.42672837370242217 0.2791732430875576 0.42482212370242217 0.26828744239631336 0.4182864403114187 0.2664730702764977 0.41556314878892736 0.26756163594470045 0.40766587370242213 0.22474395161290323 0.4046703070934256 0.22401814516129034 0.4027640570934256 0.225832517281106 0.4022193987889273 0.23744412442396312 0.40385337370242214 0.2457898905529954 0.4014024653979239 0.24687845622119817 0.3994962153979239 0.25159576612903223 0.4014024653979239 0.26756163594470045 0.3945943987889273 0.2664730702764977 0.38696939878892733 0.225832517281106 0.3828845155709343 0.22401814516129034 0.3801613321799308 0.23018677995391704 0.3774381487889273 0.205875
7 0.6273224480968859 0.18225460829493087 0.8218569420415225 0.1849746543778802 0.8249182525951557 0.20486016705069124 0.8063592128027681 0.28134288594470047 0.6224913494809688 0.27981322004608294 0.620578070934256 0.27241993087557603 0.6209606401384083 0.26349683179723504
7 0.7167690311418685 0.7616343605990783 0.9268491565743945 0.7702174539170508 0.9327803849480968 0.8076939804147466 0.8958536980968858 0.8548582949308756 0.7026106185121108 0.8474650057603687 0.6968707828719723 0.817126728110599
7 0.41088062283737026 0.7425234735023041 0.6852522707612456 0.7614338997695852 0.6869742647058823 0.8006949884792627 0.6739637759515571 0.8478594470046084 0.419877919550173 0.833327620967742 0.40514554498269895 0.7777501440092166
8 0.3271260813148789 0.3706945564516129 0.339371107266436 0.3719691820276498 0.3424324178200692 0.37451872119815666 0.3365011894463668 0.4058765841013825 0.32463873269896193 0.40715135368663596 0.3221514922145329 0.4040920218894009
8 0.4678012543252595 0.35106782834101385 0.4824379325259516 0.3515018721198157 0.47995069204152246 0.3856640264976958 0.464070285467128 0.384644297235023
8 0.45321237024221456 0.5061849078341014 0.4700493079584775 0.5070074884792627 0.4700493079584775 0.5144007776497695 0.4648834342560554 0.5146556739631336 0.4627788711072665 0.5159304435483871 0.46124816176470584 0.546013680875576 0.45053373702422145 0.5455037442396313
8 0.7571875 0.40808208525345624 0.7737374567474049 0.4082014688940092 0.7781380839100346 0.44261866359447005 0.7588137975778547 0.44363853686635946
0 0.4620989403114187 0.5156077188940092 0.6211508434256056 0.5191065668202764 0.806675821799308 0.5218015552995392 0.8760778546712803 0.5232988191244239 0.8796734429065745 0.5565372983870968 0.8792240484429066 0.5619274193548387 0.8796734429065745 0.5721085829493088 0.880572339965398 0.5798941532258064 0.8830443339100347 0.5828886808755761 0.8855164359861593 0.5834874711981567 0.8900110294117647 0.6164265552995393 0.8882131271626297 0.6278055875576036 0.8879884299307959 0.6337944988479264 0.8846175389273356 0.6379867511520738 0.8783250432525952 0.6433767281105991 0.8765272491349481 0.649964573732719 0.8765272491349481 0.6562530241935484 0.8810218425605536 0.6586484735023042 0.882145436851211 0.6625413306451613 0.8810218425605536 0.6679313076036866 0.8589983780276816 0.6981297523041475 0.6738216911764705 0.6933385656682027 0.5273096885813149 0.6870502592165899 0.45813246107266437 0.6843552707373272 0.454986267301038 0.665190668202765 0.4536378676470589 0.6556084389400921 0.4511658737024221 0.6529133064516129 0.45139057093425605 0.6493199884792626
4 0.10845988321799309 0.3388984735023042 0.1449616133217993 0.23571846198156682 0.14844636678200693 0.23293260368663593 0.28609018166089967 0.22968231566820277 0.2916656574394464 0.23339688940092168 0.3157097750865052 0.32486837557603687 0.29375648788927333 0.4372344470046083 0.15227941176470589 0.4339841589861751
5 0.38600162197231835 0.6478813364055299 0.39695198961937717 0.640610599078341 0.407902357266436 0.6357469758064517 0.42031282439446366 0.6338015552995392 0.4308982482698962 0.6391516417050691 0.441848615916955 0.6469334677419354 0.44878384515570935 0.6624974078341013 0.4535290873702422 0.6761157834101383 0.45681412197231835 0.6960570276497696 0.45681412197231835 0.715511952764977 0.45425908304498275 0.7422623847926267 0.4469588019031142 0.7446942684331798 0.4323582396193772 0.7451805875576036 0.41885272491349484 0.7432351670506911 0.41374253892733565 0.7432351670506911 0.4086324610726644 0.7490715725806452 0.4068073096885813 0.7587991071428571 0.38089143598615915 0.7568535426267282 0.3750511461937716 0.7451805875576036 0.3750511461937716 0.7262121255760369 0.3765112456747405 0.7140528513824884 0.3787013408304498 0.7140528513824884 0.3812563797577855 0.7067572004608295 0.37724124134948095 0.6887615207373272 0.37578125 0.6722247983870968 0.3801613321799308 0.658120103686636
1 0.2057762759515571 0.4358099078341014 0.15075054065743945 0.4339771025345622 0.10731390570934256 0.34108006912442396 0.11096410034602075 0.3323253168202765 0.14564035467128028 0.23310555875576036 0.28763051470588236 0.2293621831797235 0.2931057525951557 0.23665769009216592 0.2938357482698962 0.24152145737327188 0.32194171712802766 0.23957589285714287 0.3259568555363322 0.2527079493087558 0.34384256055363327 0.25368073156682025 0.3533329368512111 0.2527079493087558 0.35734807525951556 0.24687154377880186 0.3577130190311419 0.2400623559907834 0.35880806660899656 0.22547119815668204 0.3642833044982699 0.225957517281106 0.37012348615916957 0.2561126152073733 0.3759636678200692 0.25416705069124423 0.3788838667820069 0.24541244239631335 0.38107396193771625 0.2400623559907834 0.3781537629757786 0.20601627304147466 0.38070891003460205 0.18607502880184332 0.6156132136678201 0.18364314516129032 0.617073313148789 0.2040708525345622 0.6145181660899655 0.25659893433179726 0.6218184472318339 0.2561126152073733 0.6283887326989619 0.1851022465437788 0.8205590397923875 0.18607502880184332 0.8260342776816609 0.2050434907834101 0.8107037197231833 0.2629218029953917 0.8143538062283737 0.2677855702764977 0.8329695069204152 0.36457358870967743 0.8592505406574394 0.3888921370967742 0.8621705233564014 0.41369700460829495 0.8720259515570934 0.39132402073732714 0.8771361375432526 0.3947285426267281 0.8756760380622838 0.4015377304147465 0.8669157655709343 0.43217929147465434 0.8691058607266436 0.4380156970046083 0.8785961288927335 0.41953355414746546 0.8844364186851211 0.42877462557603685 0.8727559472318339 0.45844326036866356 0.8749460423875433 0.4671980126728111 0.8829763192041523 0.4487158698156682 0.8884515570934256 0.45698415898617506 0.8782311851211072 0.4885983582949309 0.9223795415224912 0.7384451324884792 0.9329649653979238 0.807109591013825 0.9103341262975779 0.8382373271889402 0.9114290657439447 0.862069556451613 0.8950034602076125 0.8824971198156683 0.44131022923875435 0.8630423387096775 0.11652141003460206 0.838723646313364 0.11652141003460206 0.8314281394009216 0.1274717776816609 0.7793863767281106 0.10265084342560554 0.7750089285714286 0.042423659169550175 0.7039987039170507 0.04315365484429066 0.7001077188940091 0.07892495674740485 0.5741373847926268 0.11433131487889274 0.5755964861751152 0.13258196366782007 0.6115879896313364 0.1668932742214533 0.6106153513824886 0.20631466262975778 0.43738090437788013