7 0.19948205017301038 0.10215178571428571 0.20285358996539793 0.08216402649769586 0.3837921712802768 0.11885267857142857 0.38266836072664356 0.156290034562212 0.3635630406574395 0.1795011520737327 0.19835823961937715 0.149551267281106
7 0.38468944636678204 0.1539985599078341 0.40902660034602073 0.12373185483870967 0.610213775951557 0.16783482142857142 0.6066443555363322 0.20026353686635948 0.5680294117647059 0.21755889976958526 0.3856629541522491 0.18296817396313364
7 0.18515289792387543 0.7992049251152074 0.3928160683391003 0.7811607142857143 0.4146349480968858 0.8204707661290322 0.4137130190311419 0.852819844470046 0.18691987456747405 0.8769791186635946 0.18507601643598617 0.8417638248847926
7 0.4044937283737024 0.7797645449308757 0.6158446150519031 0.7566981566820276 0.6573312067474049 0.7882281105990784 0.6561018598615918 0.817301267281106 0.4268503460207613 0.8484218029953917 0.41517268598615914 0.829176267281106 0.4145580666089965 0.8205771889400921 0.4038023356401384 0.8021504896313364
4 0.6854223615916956 0.5611824596774194 0.7483858131487889 0.558714861751152 0.7937565960207612 0.558097926267281 0.8553310986159169 0.5759879032258064 0.8451458693771626 0.71108741359447 0.7398209342560553 0.7221913882488479 0.7361172145328719 0.7187985311059909 0.7333394247404844 0.7209576612903226 0.6787093425605536 0.6907298387096774
8 0.6606423010380623 0.6127318548387097 0.011472750865051902 0.037167338709677415
8 0.54155276816609 0.6458770161290323 0.01469939446366782 0.04138680875576037
8 0.549768598615917 0.46127448156682027 0.014400951557093426 0.03984158986175115
8 0.25969182525951556 0.5834403801843318 0.018642949826989618 0.04782114055299539
5 0.5513394247404845 0.24124467165898617 0.5576831747404843 0.23797263824884793 0.5736447880622837 0.2420626440092166 0.5830579584775086 0.24124467165898617 0.5930850994809688 0.23851800115207372 0.6016798226643598 0.23851800115207372 0.6143672145328719 0.24806149193548388 0.6180506055363322 0.25542367511520736 0.6203016868512111 0.26033179723502303 0.6227572448096886 0.2698752880184332 0.622961937716263 0.28350892857142856 0.6196877162629758 0.2971424251152074 0.6149810769896195 0.30777664170506913 0.6067957396193772 0.31432085253456216 0.5975870458477508 0.31568418778801843 0.5930850994809688 0.32413709677419356 0.5873553200692042 0.3255004320276498 0.5842857915224914 0.3290450748847926 0.5648453719723183 0.32331898041474655 0.5656639273356402 0.315956797235023 0.5679149005190312 0.312139400921659 0.5697567041522491 0.30314127304147465 0.5658686202422145 0.30150518433179724 0.5576831747404843 0.2998692396313364 0.5468374783737024 0.296324452764977
5 0.6172321583044982 0.24534792626728108 0.6359050605536333 0.2507201900921659 0.6481832828719724 0.24635743087557602 0.6563686202422145 0.24608482142857144 0.6653726211072665 0.2493568548387097 0.6706931228373703 0.25426497695852535 0.6745812067474048 0.258354982718894 0.6792878460207613 0.269261952764977 0.6803110942906574 0.27607877304147466 0.6815388192041523 0.2856222638248848 0.6788785683391003 0.30198257488479263 0.6747858996539793 0.3126167914746544 0.6670097318339101 0.3194336117511521 0.6596428416955018 0.3235237615207373 0.6500249783737023 0.32461434331797234 0.6475693122837369 0.3303404377880184 0.6357004757785467 0.3311585541474654 0.6228083910034602 0.32952246543778807 0.6197388624567475 0.3270684043778802 0.6101209991349481 0.3150708525345622 0.6133952205882353 0.31070809331797233 0.6183064446366782 0.30198257488479263 0.6230130839100346 0.2888942972350231 0.6232176686851211 0.2779874711981567 0.6232176686851211 0.26817122695852535 0.621375973183391 0.26053643433179724 0.618715722318339 0.25617367511520733 0.6148276384083046 0.25044758064516126 0.6148276384083046 0.24772076612903227
1 0.15373248269896195 0.16767597926267283 0.18217679498269895 0.13368850806451613 0.18401859861591696 0.11187471198156682 0.19404573961937718 0.10287658410138249 0.20038938148788926 0.10287658410138249 0.20345891003460206 0.08269887672811059 0.38455633650519033 0.11950950460829493 0.3841470588235294 0.13532459677419353 0.3986761461937716 0.138051267281106 0.40665700692041523 0.12496298963133641 0.6094406358131488 0.1680452188940092 0.6094406358131488 0.17677073732718895 0.7652502162629757 0.2080455069124424 0.7646362456747404 0.23313133640552997 0.7955362240484428 0.23913018433179722 0.8239805363321799 0.23258611751152072 0.8446487889273356 0.23749409562211984 0.8389240916955018 0.34240034562211985 0.7734407439446367 0.34867180299539174 0.7597301038062284 0.34730846774193547 0.748270544982699 0.5557570564516129 0.7943135813148788 0.55657517281106 0.855294982698962 0.576207517281106 0.8581598183391003 0.5789341877880184 0.8569319852941176 0.5838423099078341 0.8548857050173011 0.5843876728110599 0.8450427119377163 0.7117839861751152 0.7386321366782007 0.7216002304147466 0.7374044117647058 0.7786779953917051 0.7279911332179931 0.7789507488479263 0.7273772707612457 0.784949452764977 0.6834112240484429 0.7901303283410138 0.6817742214532871 0.7860401785714286 0.6551716046712803 0.787676267281106 0.6576271626297577 0.7904029377880184 0.6561947448096885 0.817397465437788 0.42569323096885814 0.8488654953917051 0.41484753460207613 0.8300511232718893 0.4128011461937716 0.8532282546082949 0.18752800605536332 0.8789491647465437 0.1858910034602076 0.8745864055299539 0.1854817257785467 0.8410476670506912 0.1789333910034602 0.835866935483871 0.1717710856401384 0.8282321428571429 0.173408196366782 0.6761741071428572 0.1476241349480969 0.6420901497695852 0.15130752595155708 0.28322969470046083