6 0.5579556856187291 0.3681137550783517 0.015739966555183945 0.007063261752756819
6 0.5450209030100335 0.4322518862449216 0.011258361204013377 0.005229251305861869
6 0.4330142140468227 0.26990713871154964 0.004736622073578596 0.017127103888566454
6 0.5285953177257525 0.3224724318049913 0.006178929765886287 0.009535693557748113
8 0.4821989966555184 0.2654556006964597 0.023118729096989966 0.06042367962855485
8 0.47138377926421404 0.5342832269297737 0.02439799331103679 0.05821822402785839
8 0.2895944816053512 0.29625072547881603 0.027909698996655522 0.05881021474172954
8 0.8609740802675585 0.38803250145095763 0.024569397993311037 0.06260591990713871
7 0.3532219899665552 0.002972141613464887 0.7036446488294315 0.030724318049912942 0.701010033444816 0.07646952988972722 0.6825664715719064 0.10345966337782936 0.35519816053511705 0.0796715031921068 0.3505873745819398 0.04765002901915264
7 0.7159126254180602 0.030118978525827046 0.9941099498327759 0.05756587347649449 0.9898285953177258 0.10331166569936158 0.9456964882943145 0.12389669181659894 0.6950652173913043 0.09919442832269298 0.6934184782608696 0.09004526987811956 0.7009933110367893 0.0754068485200232 0.7023110367892977 0.04887463726059199
7 0.7338336120401338 0.9028926291352293 0.922653846153846 0.9127800348229832 0.9593691471571907 0.9481654091700523 0.9574958193979933 0.9923969820081254 0.7495685618729098 0.9804283226929774 0.7270898829431438 0.9429616947185142 0.7282140468227425 0.9044538595473013
7 0.44254807692307696 0.8843157283807312 0.7010522575250836 0.902899593731863 0.7224067725752509 0.9403662217063261 0.7205334448160535 0.9872002321532211 0.4436718227424749 0.9663847939640162 0.4414239130434782 0.9195513639001741
5 0.3234113712374582 0.724881021474173 0.36274874581939803 0.7295647127103888 0.38672617056856184 0.7613076030179918 0.38335409698996653 0.8497707486941382 0.36237416387959864 0.8482100986651189 0.35525585284280936 0.851852582704585 0.3462646321070234 0.8528932095182821 0.3305292642140468 0.8539338363319791 0.3174168060200669 0.8471688914683692 0.29756103678929763 0.843006384213581 0.30018352842809365 0.8081410330818339 0.2994339464882943 0.796172373766686 0.301681856187291 0.783163087637841 0.3028060200668896 0.77223505513639 0.3024310200668896 0.752460824143935
5 0.42016304347826083 0.7305960533952409 0.46024999999999994 0.7321572838073128 0.47448620401337793 0.7639001741149158 0.4752357859531772 0.7841944283226929 0.47748369565217397 0.7925206035983748 0.4789820234113712 0.804489262913523 0.47448620401337793 0.825304120719675 0.47186371237458197 0.8549657573998839 0.45687792642140473 0.8523633197910622 0.4441400501672241 0.85860824143935 0.42728135451505017 0.8565264074289031 0.4107968227424749 0.8502820661636681 0.38906772575250836 0.8471596053395241 0.39206479933110366 0.7597370864770749 0.4134193143812709 0.7305960533952409
0 0.48750501672240804 0.5826523505513639 0.9427909698996655 0.6186349390597794 0.9390447324414717 0.6321642484039466 0.943540551839465 0.6410110272780035 0.9469122073578596 0.6498572257690075 0.9439151337792642 0.7711044689495067 0.9382951505016722 0.7773488102147418 0.9364222408026756 0.7945211839814278 0.47598494983277595 0.7669413813116658 0.4806960702341137 0.5920957632037145
4 0.01929891304347826 0.12240568775391758 0.2355647993311037 0.14732849680789323 0.2534163879598662 0.1721242019733024 0.24376672240802677 0.3832182240278584 0.008805183946488295 0.35842309924550203 0.0044627926421404686 0.34837086477074874 0.011699832775919733 0.13727684271619267
1 0.13569397993311036 0.13580150899593732 0.14063921404682275 0.004154381892048752 0.1715171404682274 0.006834590829947766 0.17248202341137123 0.0034840394660475916 0.2588440635451505 0.008845037724898433 0.3529251672240803 0.019567614625652933 0.3538900501672241 0.005494486360998259 0.7039205685618729 0.030289611143354614 0.7015079431438127 0.04369239698200812 0.7044030100334449 0.04503250145095763 0.7159820234113712 0.028949506674405108 0.991989966555184 0.05575507835171213 0.9900597826086956 0.1013244341265235 0.967383779264214 0.11405745792222867 0.962076923076923 0.27880963435867673 0.9895773411371237 0.32035809634358675 0.9852353678929766 0.44500406268136966 0.9953670568561873 0.4510354033662217 0.9934372909698997 0.4577370864770749 0.9828227424749163 0.4597475333720255 0.9818578595317725 0.48990365641323275 0.9929548494983278 0.49325420777713286 0.991989966555184 0.5033064422518863 0.9847529264214047 0.5066569936157864 0.9818578595317725 0.5321224608241439 0.9939197324414716 0.5381538015089959 0.992472408026756 0.5524474753337202 0.9823407190635451 0.5531172373766686 0.9678666387959867 0.8960237957051653 0.9394009197324414 0.9288607080673243 0.9596647157190635 0.945614625652931 0.9562872073578594 0.9938647707486942 0.7512382943143813 0.9824724318049912 0.7411066053511706 0.9690696459663378 0.7247027591973244 0.9677289611143354 0.7193954849498329 0.9891735345327917 0.4439184782608696 0.966388856645386 0.44054138795986625 0.9489651770168311 0.1108227424749164 0.9322118398142775 0.1122700668896321 0.8886523505513638 0.10599832775919732 0.8873122460824143 0.0886291806020067 0.9054062681369704 0.050031772575250835 0.8993749274521184 0.061611204013377927 0.7331799187463726 0.09441889632107023 0.705034242600116 0.11902466555183946 0.7090551363900174 0.12770903010033446 0.3719071387115497 0.008539715719063545 0.35783459082994773 0.004197324414715719 0.3497928032501451 0.010951923076923076 0.13668833430063843 0.019153846153846153 0.12194486360998258