6 0.5798244147157191 0.3701508995937319 0.009109531772575251 0.0077016831108531626
6 0.7017140468227425 0.5079744631456762 0.006567725752508361 0.01126523505513639
6 0.7563085284280936 0.3804643064422519 0.01096989966555184 0.008282066163668021
6 0.4957148829431438 0.38636099825885084 0.013043478260869565 0.00583865351131747
6 0.5368645484949833 0.2988972721996518 0.0035075250836120405 0.013987231572838073
8 0.4734740802675585 0.5355252466627974 0.024653010033444816 0.058479396401625076
8 0.48142140468227423 0.264962275101567 0.024949832775919733 0.061677307022634936
8 0.28971989966555184 0.2972547881601857 0.025472408026755853 0.05926291352292513
8 0.8619230769230768 0.3875739988392339 0.025543478260869567 0.058450377248984324
7 0.3554485785953177 0.006053395240858967 0.7031020066889632 0.03126407428903076 0.7017061036789297 0.07651421938479397 0.685882525083612 0.10237202553685433 0.3540526755852843 0.0784538595473012 0.3512600334448161 0.05065699361578642
7 0.7184602842809364 0.030851421938479395 0.9939765886287626 0.05596807893209519 0.9907190635451506 0.10057225769007545 0.9516254180602006 0.12125827045850261 0.6965865384615384 0.0999257109692397 0.6937943143812709 0.09346140452698781 0.7031020066889632 0.07536157864190367 0.7017061036789297 0.054675565873476495
7 0.7312587792642141 0.9014753337202553 0.9242830267558529 0.912579802669762 0.9591881270903011 0.9474869413813116 0.9577918060200669 0.9920905397562392 0.7502236622073579 0.9804550203134069 0.7278846153846154 0.9416691816598955
7 0.45481145484949836 0.8860690655832849 0.7024038461538462 0.9035229251305862 0.7214853678929766 0.9358444573418456 0.7214853678929766 0.9882054556006965 0.4436421404682274 0.964933836331979 0.44084949832775916 0.9255014509576319 0.44224581939799334 0.8841300058038305
5 0.41324122073578595 0.7284724318049912 0.4573996655518394 0.7312971561230412 0.4721191471571906 0.7451114335461404 0.4721191471571906 0.7550574579222287 0.4760974080267559 0.7688717353453279 0.4749038461538462 0.7854492164828787 0.4784845317725753 0.799263493905978 0.47768896321070237 0.8186035983749275 0.4713235785953177 0.8545211839814277 0.45421697324414717 0.8534155542658154 0.4375083612040134 0.8611520603598376 0.42159531772575254 0.8589413813116656 0.418810618729097 0.8528630295995356 0.41085409698996656 0.8506529309344167 0.39016722408026755 0.8473372025536854 0.39215635451505015 0.7589257109692397
5 0.3237303511705686 0.7264016250725478 0.36868478260869564 0.7301921067904817 0.38618896321070234 0.7583731863029599 0.38181270903010034 0.8495478816018572 0.36351295986622073 0.8484428322692977 0.3543628762541806 0.8523105049332559 0.3400413879598662 0.8578363319791061 0.3241283444816054 0.8534155542658154 0.3161718227424749 0.8451271038885665 0.29946321070234116 0.8445745792222867 0.30065635451505013 0.8119727219965177 0.29946321070234116 0.7898699941961694 0.3018499163879599 0.7755031921067905 0.3038390468227425 0.7683192106790482 0.3026454849498328 0.7511897852582704 0.3237303511705686 0.7274289030760301
4 0.018035117056856186 0.12396982008125362 0.23591722408026755 0.1446215902495647 0.2538549331103679 0.17007835171213 0.24176630434782606 0.38131340684852005 0.007798913043478261 0.3596482878699942 0.0019498327759197324 0.3520655832849681 0.012088210702341137 0.130539175856065
0 0.49070735785953173 0.5868189204875218 0.9406132943143813 0.6170441091120139 0.9384372909698997 0.6359349970980847 0.947685618729097 0.6540702263493906 0.9438775083612041 0.7719500870574579 0.9389811872909699 0.7795060940220545 0.935173076923077 0.7953749274521185 0.4738428093645485 0.771194428322693 0.48363503344481606 0.5921079512478236
1 0.1418348662207358 0.002582124201973302 0.17310827759197325 0.005910621009866512 0.17357316053511707 0.00009750435287289611 0.25960409698996656 0.011077771329077191 0.35354055183946487 0.018828786999419617 0.35400543478260865 0.006556587347649449 0.7027909698996656 0.032393499709808475 0.7018607859531774 0.045311665699361584 0.7046513377926422 0.04724956471271039 0.7172069397993311 0.030455600696459664 0.9943311036789297 0.05629251305861869 0.9901459030100335 0.0982774230992455 0.9678244147157191 0.11313348810214742 0.9617788461538461 0.28107312826465464 0.9882859531772575 0.318749274521184 0.9845656354515051 0.4447040046430644 0.9924711538461538 0.4466419036564132 0.9924711538461538 0.45762275101567035 0.983170568561873 0.46149796865931514 0.983170568561873 0.4899187463726059 0.9943311036789297 0.4976697620429483 0.9827052675585284 0.5060667440510737 0.983170568561873 0.5403006384213581 0.9896806020066888 0.5435304701102728 0.9887508361204014 0.555802669762043 0.9817750836120401 0.5596784677887405 0.9673595317725753 0.8900464306442252 0.9413173076923076 0.9307394080092861 0.9613139632107024 0.9501166569936157 0.9575936454849497 0.9921015670342427 0.750189381270903 0.9837051654091701 0.742748745819398 0.9669106210098666 0.7236826923076923 0.9701404526987811 0.7227525083612041 0.9869344167150319 0.4428035117056856 0.9688485200232153 0.44187332775919735 0.9507626233313987 0.10939882943143814 0.9300934416715032 0.11172408026755853 0.8894004643064422 0.1042834448160535 0.8881085316308764 0.09033235785953177 0.9049024956471271 0.048944816053511704 0.8990887986070807 0.06010535117056856 0.7317951247823564 0.09172742474916389 0.7059582124201973 0.11869941471571906 0.709834010446895 0.1289301839464883 0.3709460243760882 0.008951923076923078 0.3599651770168311 0.004301421404682274 0.3541520603598375 0.010346989966555184 0.13116947185142194 0.01964757525083612 0.12341845618107952 0.13683570234113712 0.1363366221706326