6 0.6677341137123746 0.4864306442251886 0.010464046822742476 0.016686012768427162
6 0.5463879598662208 0.4339001741149158 0.00979933110367893 0.006227510156703425
6 0.5449080267558529 0.5566918165989553 0.003858695652173913 0.016703424260011607
6 0.43454849498327763 0.43588508415554267 0.003515886287625418 0.019733023795705164
8 0.48172658862876255 0.2665351131746953 0.02862040133779264 0.06481137550783517
8 0.29020066889632107 0.2977481137550783 0.02418478260869565 0.06260011607661056
8 0.47234113712374576 0.5349042367962855 0.026822742474916388 0.06078351712130006
8 0.861086956521739 0.3877539175856065 0.023854515050167224 0.059489262913522925
7 0.3561985785953177 0.004264654672083575 0.7024502508361203 0.02898200812536274 0.6995246655518395 0.0769332559489263 0.6831408862876255 0.10619210679048172 0.3537119565217391 0.08262275101567035 0.3507863712374582 0.04930005803830528
7 0.7197115384615385 0.03168078932095183 0.9929678093645485 0.05620777713290772 0.9900422240802675 0.10334648868253048 0.9473277591973244 0.12203946604759142 0.6957211538461539 0.10090829947765526 0.6933808528428094 0.0935937318630296 0.7021576086956521 0.07490075449796867 0.7021576086956521 0.04889262913522925
7 0.7328770903010033 0.8957904817179337 0.9171935618729098 0.9094103308183401 0.9599080267558529 0.9459837492745212 0.9546417224080268 0.9947481137550783 0.7492608695652174 0.980118978525827 0.7258553511705687 0.9370435287289611
7 0.44835702341137124 0.8836053395240859 0.7040593645484949 0.9035188624492164 0.720443143812709 0.9344027858386535 0.720443143812709 0.9856053395240859 0.4425054347826087 0.9628485200232153 0.4407504180602007 0.920586186883343
0 0.4900476588628762 0.5830452698781196 0.9410376254180602 0.6124178757980266 0.941622491638796 0.6376128845037725 0.9486442307692309 0.6449274521183982 0.9427930602006689 0.7709019152640743 0.9369414715719064 0.7977219965177016 0.4746877090301003 0.7652124201973303 0.4840497491638796 0.5904735925710969
5 0.3275271739130435 0.7294399303540336 0.36965677257525087 0.7343163087637842 0.3860405518394649 0.7603238537434707 0.3831149665551839 0.8456610562971562 0.3602947324414716 0.852163087637841 0.34859197324414715 0.8546012768427163 0.3345489130434783 0.8562269297736506 0.31816513377926425 0.8497248984329657 0.3123139632107023 0.8440359837492745 0.29417474916387965 0.8456610562971562 0.30061120401337793 0.8172153221125943 0.29827090301003345 0.7887695879280324 0.30236663879598663 0.7692640742890308 0.3035367892976588 0.7546343586767266
5 0.4193929765886288 0.7286268136970401 0.4632775919732442 0.7343163087637842 0.4761505016722408 0.7668258850841555 0.47907650501672244 0.7773911781775972 0.4779059364548495 0.8042118398142774 0.47439548494983275 0.8456610562971562 0.4580117056856188 0.8513505513639001 0.44279807692307693 0.8611033081834011 0.41471195652173914 0.8537887405687754 0.40593478260869564 0.8529762042948347 0.3895514214046823 0.8497248984329657 0.3924770066889632 0.7603238537434707
4 0.019748327759197323 0.1271288450377249 0.23727090301003345 0.14925478816018573 0.253069397993311 0.17363668020893788 0.24897324414715719 0.3556900754497969 0.2208871237458194 0.3719448636099826 0.004388377926421405 0.3556900754497969 0.012580267558528428 0.13462565293093443 0.01960200668896321 0.12649796865931515
1 0.13384866220735786 0.13728264654672084 0.14013879598662207 0.0037742309924550205 0.17407650501672242 0.00865118978525827 0.2509481605351171 0.009373186302959953 0.35159071906354517 0.019125943122460826 0.3510058528428094 0.006122460824143935 0.7026697324414716 0.02887928032501451 0.7026697324414716 0.045134068485200234 0.7172980769230769 0.03050435287289611 0.9922658862876255 0.059763203714451534 0.9893403010033445 0.10283807312826465 0.9688603678929767 0.11421648287869994 0.9630091973244147 0.277576900754498 0.9910957357859532 0.3263412652350551 0.9864147157190635 0.4460481717933837 0.9951914715719063 0.44767382472431805 0.9946061872909698 0.45823969820081256 0.9846592809364548 0.4631160766105629 0.9846592809364548 0.4915618107951248 0.9910957357859532 0.4948125362739408 0.991680602006689 0.5045658734764945 0.9829038461538463 0.5110673244341265 0.9852441471571907 0.5435769007544979 0.9905104515050167 0.5452025536854324 0.9811484113712375 0.5638955310504933 0.9682755016722407 0.8891967498549043 0.9425296822742475 0.9298334300638422 0.9600836120401338 0.9493389437028439 0.9554025919732441 0.9932269297736506 0.7494364548494984 0.9802234474753337 0.7406592809364548 0.9688450377248984 0.7190096153846154 0.9680319210679049 0.718424331103679 0.9842867092280905 0.44189130434782603 0.9712832269297736 0.4436467391304348 0.9525902495647127 0.11047282608695651 0.9355223447475334 0.11339841137123746 0.8916349390597795 0.10520652173913043 0.8875710969239698 0.09233361204013378 0.9070766105629716 0.04786371237458194 0.8997620429483459 0.0607366220735786 0.7372141613464887 0.09291889632107024 0.707955890887986 0.11866471571906355 0.707955890887986 0.13095234113712376 0.3736842716192687 0.004563963210702341 0.3549912942542078 0.012170568561872909 0.13434939059779455 0.018022157190635452 0.1270348229831689