1 0.16281875 0.19529375 0.16420208333333333 0.241790625 0.04989791666666667 0.24895703125000002 0.04954375 0.25320390625 0.05025104166666667 0.33203125 0.05803645833333334 0.33707421875 0.16667916666666666 0.3360125 0.17198750000000002 0.46844765625000007 0.15252395833333335 0.46765156250000006 0.093071875 0.47481796875000004 0.09130208333333334 0.47800312500000003 0.09554895833333334 0.53506640625 0.09873333333333334 0.5374554687499999 0.11996666666666668 0.5385171875 0.14686145833333333 0.53294296875 0.17588020833333334 0.5342703125 0.17694166666666666 0.54780625 0.34574374999999996 0.55975 0.34609791666666667 0.56293515625 0.541534375 0.57723203125 0.5539124999999999 0.57060078125 0.5636385416666666 0.57093203125 0.5643010416666667 0.57971875 0.734046875 0.5919859375 0.7393520833333334 0.58353125 0.7517302083333333 0.583365625 0.7572552083333334 0.57905546875 0.7599083333333333 0.56513046875 0.7875458333333333 0.54805546875 0.7983729166666667 0.2786796875 0.7731750000000001 0.25928359375 0.7751635416666667 0.16429375 0.765659375 0.1556734375 0.7594708333333333 0.1558390625 0.75328125 0.14241171875 0.518684375 0.1555078125 0.5175791666666666 0.16644921875000002 0.5049802083333333 0.1589890625 0.2558739583333333 0.17689296875 0.253884375 0.18103750000000002 0.255653125 0.188496875 0.22492916666666665 0.1901546875 0.22205625 0.18916015625 0.17298645833333334 0.191646875 0.17276458333333336 0.19496249999999998
7 0.2544489583333333 0.17645 0.256925 0.195525 0.2843541666666667 0.20741484375 0.29290937499999997 0.20892421875 0.531721875 0.19420390625 0.5329802083333334 0.1862765625 0.51788125 0.17551953125 0.517378125 0.1670265625 0.5049739583333334 0.15944843749999998
7 0.5189239583333333 0.15606953125 0.518778125 0.17612343749999998 0.5407333333333334 0.192253125 0.7619010416666666 0.1804828125 0.7629187500000001 0.1620640625 0.7526010416666666 0.1423375
7 0.5863020833333333 0.5471921875 0.5656312499999999 0.5598765625000001 0.5646916666666667 0.5796078125 0.7340531250000001 0.59211640625 0.7399249999999999 0.58225078125 0.7436833333333334 0.55741015625
7 0.5639875 0.5626953125 0.5414375 0.5778460937500001 0.34529791666666665 0.5632242187500001 0.3455333333333333 0.54631171875 0.382646875 0.5359171875000001 0.5639875 0.54560703125
0 0.7238166666666667 0.41884453125 0.73756875 0.41934765625 0.7382395833333334 0.42261796875 0.7372333333333334 0.452553125 0.73354375 0.45481718750000005 0.7328729166666667 0.466640625 0.73756875 0.46940781249999997 0.73756875 0.49607265624999997 0.730525 0.49959453125 0.3800208333333333 0.489784375 0.3800208333333333 0.48425 0.37633125 0.4804765625 0.37297708333333335 0.4789671875 0.37230625 0.42764921874999995 0.37566041666666666 0.42664296874999996 0.3816979166666667 0.42588828124999994 0.3813625 0.42337265625000003 0.38471666666666665 0.42286953125000004 0.3850520833333333 0.41985078124999997 0.37968541666666666 0.41859296874999996 0.37968541666666666 0.41507109375000006
4 0.051059375000000004 0.24855624999999998 0.17283958333333332 0.24165859374999998 0.23055833333333334 0.2537890625 0.23499791666666667 0.25783203125 0.23753541666666667 0.337275 0.16427708333333332 0.33679921875 0.05740208333333333 0.33632343750000004 0.051376041666666664 0.33204218750000003 0.04915625 0.25141015625
8 0.38239270833333333 0.26839843750000003 0.3973541666666666 0.26858203125 0.3976 0.29360078125 0.38239270833333333 0.2934171875
8 0.38435416666666666 0.38300546875 0.39833541666666666 0.38318984375 0.39833541666666666 0.40618437500000004 0.38410937500000003 0.40581640625000004
8 0.25435625 0.29157734375 0.26784583333333334 0.2917609375 0.26833645833333336 0.3142046875 0.2558270833333333 0.31438828124999996 0.25435625 0.313284375
8 0.676621875 0.30360078125 0.6942114583333333 0.30342421875 0.6939770833333333 0.33086484375 0.675684375 0.33086484375