7 0.273984375 0.23892656250000002 0.24477395833333335 0.22193749999999998 0.24565208333333333 0.2034796875 0.5193072916666667 0.1846921875 0.530728125 0.20051328124999998 0.5302885416666666 0.20512812500000002 0.5390739583333333 0.215675 0.53160625 0.2242453125
7 0.5325947916666667 0.18127421875 0.774953125 0.16987421875 0.7740739583333334 0.18965078124999998 0.7696822916666667 0.21404140625 0.5461020833333333 0.22524843749999998 0.5311677083333334 0.20118671875
7 0.5962864583333333 0.5976046875 0.6057302083333334 0.5853203125 0.7735249999999999 0.5896046875 0.7779177083333334 0.6041078125 0.7779177083333334 0.6245437500000001 0.595628125 0.61959921875 0.5960666666666667 0.59883359375
7 0.34975520833333335 0.59307421875 0.39027708333333333 0.57774296875 0.5804739583333334 0.5816984374999999 0.5839875 0.6001562500000001 0.56993125 0.61894453125 0.34986562499999996 0.6130109375
8 0.24126041666666667 0.337265625 0.018052083333333333 0.025750000000000002
8 0.3841458333333333 0.313484375 0.017593750000000002 0.026210937499999996
8 0.38746875000000003 0.4311015625 0.018052083333333333 0.024781249999999998
8 0.6999791666666667 0.3461484375 0.020447916666666666 0.0278828125
4 0.010769791666666667 0.27711562500000003 0.14913958333333335 0.27009062500000003 0.156971875 0.27185390625 0.162715625 0.27400859375 0.21023125 0.28576328125 0.21231979166666667 0.28987734375 0.213625 0.37490078125 0.177596875 0.376271875 0.14678958333333333 0.37529218750000004 0.11833229166666667 0.376859375 0.08804791666666666 0.37607578125 0.03165520833333333 0.3741171875 0.011813541666666667 0.3731375 0.008158333333333333 0.36863125 0.009986458333333333 0.3653015625 0.006069791666666667 0.27949375
5 0.259953125 0.528359375 0.2658510416666667 0.5250140625 0.2727104166666667 0.5231617187500001 0.28231249999999997 0.5217203125000001 0.2867020833333333 0.5188382812500001 0.29904895833333334 0.5188382812500001 0.30563333333333337 0.5188382812500001 0.31605833333333333 0.5198671874999999 0.323740625 0.52275 0.328953125 0.5250140625 0.32813020833333334 0.52995546875 0.32401458333333333 0.53489609375 0.32209479166666666 0.541278125 0.32099687499999996 0.54868984375 0.3234666666666667 0.5534250000000001 0.32703333333333334 0.5600125 0.3267583333333333 0.5670124999999999 0.30096875 0.5661890625 0.28944583333333335 0.56907109375 0.2771 0.56968828125 0.26447916666666665 0.5659828124999999 0.25762083333333335 0.5614539062499999 0.25268229166666667 0.55527734375 0.2521333333333333 0.549925 0.25158437499999997 0.542925 0.25350520833333334 0.5355140625 0.25624895833333333 0.53057265625
5 0.344159375 0.5217796875 0.34838125000000003 0.51847890625 0.354478125 0.5156632812499999 0.3744125 0.5156632812499999 0.38379375 0.5156632812499999 0.384028125 0.5225265625 0.383325 0.52780625 0.38566979166666665 0.530621875 0.3950510416666667 0.5315015625 0.39528541666666667 0.5315015625 0.39716145833333333 0.532909375 0.4002104166666667 0.56423359375 0.39458125 0.5674015625 0.37042604166666665 0.5668734375 0.35752708333333333 0.57004140625 0.34439375 0.56951328125 0.3361854166666667 0.56669765625 0.328915625 0.56159375 0.3256322916666667 0.55719453125 0.32211458333333337 0.55209140625 0.32047291666666666 0.5455796875 0.3228177083333333 0.5364289062500001 0.328915625 0.5292140625 0.33571666666666666 0.526221875 0.33946875 0.52463828125
1 0.14217812500000002 0.605475 0.141709375 0.58875703125 0.112159375 0.5875250000000001 0.08847291666666666 0.59333203125 0.060095833333333334 0.59298046875 0.058219791666666666 0.5912203125 0.05540520833333333 0.52452421875 0.05962708333333333 0.5222359375 0.107 0.51924453125 0.121775 0.51889296875 0.13678437499999999 0.51889296875 0.13819166666666666 0.51889296875 0.13350104166666668 0.37708828125 0.07393229166666666 0.37585625 0.03336041666666667 0.37462421875 0.013426041666666666 0.37409609375 0.007563541666666667 0.3693453125 0.009673958333333335 0.36512109375 0.006542708333333333 0.27931640625 0.010061458333333334 0.27685312500000003 0.12943229166666667 0.2705171875 0.128025 0.2256421875 0.14209583333333334 0.2256421875 0.142565625 0.22229921875 0.19940729166666668 0.21900234375 0.20011041666666665 0.22128984375 0.24490416666666667 0.21900234375 0.24560833333333332 0.20474765625 0.24560833333333332 0.20369140625 0.5199333333333334 0.18472578125 0.5304864583333333 0.19915624999999998 0.5322166666666667 0.18138203125000002 0.7737729166666667 0.17011953124999998 0.7751802083333333 0.189653125 0.78291875 0.19475703125 0.784684375 0.289628125 0.8118885416666667 0.30705 0.8132958333333333 0.3123296875 0.81540625 0.57932734375 0.7884364583333333 0.59795390625 0.7884364583333333 0.6122085937499999 0.780228125 0.6171359375 0.7781177083333334 0.6171359375 0.7785864583333333 0.62523125 0.5943989583333333 0.61889609375 0.595103125 0.61361640625 0.5742302083333333 0.61308828125 0.5702437499999999 0.61854375 0.349846875 0.6129125 0.349846875 0.60956875