7 0.23654974048442906 0.08679032258064516 0.40501935553633217 0.11792554723502305 0.40299999999999997 0.14521702188940092 0.38684537197231833 0.18365567396313365 0.232222642733564 0.15713306451612905 0.2339535034602076 0.11485051843317973 0.23626124567474047 0.08832776497695852 0.2356843641868512 0.08640581797235022
7 0.4255010813148789 0.11919513248847927 0.6158226643598615 0.1578919930875576 0.6143802984429065 0.18748977534562214 0.5806286764705882 0.21439688940092164 0.40610110294117646 0.18787413594470045 0.4040818555363322 0.1617358870967742
7 0.4377613538062284 0.7569516129032258 0.6445980752595156 0.7359121543778802 0.6826769031141868 0.7582065092165898 0.6841192690311418 0.7870355702764977 0.4562237240484429 0.8127894585253457 0.44555017301038063 0.7997203341013824 0.445261678200692 0.7862667050691244 0.4377613538062284 0.7747351670506913 0.43747285899653976 0.7574377880184332
7 0.22501070501730103 0.7737599366359447 0.4226163494809689 0.7555989343317973 0.44540592560553627 0.7875030241935485 0.44569442041522495 0.817100806451613 0.22529919982698962 0.8401640264976958 0.2241453287197232 0.7740495391705069
8 0.2930092993079585 0.561860599078341 0.016940960207612456 0.04478110599078341
8 0.5687651384083044 0.44441100230414743 0.013802984429065744 0.040512672811059906
8 0.5660358996539793 0.6249179147465438 0.013992214532871973 0.039706221198156685
8 0.6817019896193772 0.5926627304147465 0.013175821799307957 0.037868663594470046
4 0.70460348183391 0.5386336405529953 0.7693542387543253 0.5390292338709677 0.865225454152249 0.5433765841013825 0.8755153546712803 0.5507337269585254 0.8755153546712803 0.5554156105990784 0.8707468641868512 0.5554156105990784 0.8694919982698962 0.6774766705069125 0.8679861591695502 0.6791487615207373 0.7595662846020761 0.6885123847926267 0.7563036332179931 0.6875092165898617 0.703850562283737 0.6694507488479263 0.703599589100346 0.5393636232718894
0 0.2467369160899654 0.2479945276497696 0.4238890570934256 0.2695992223502304 0.5809463667820068 0.28760311059907834 0.5809463667820068 0.2916039746543779 0.5800456314878892 0.2960048963133641 0.5818472102076124 0.30000576036866355 0.5869515570934256 0.3016061347926267 0.5875520112456747 0.3356134792626728 0.5866512759515571 0.3840240495391705 0.5851499783737024 0.38922508640552994 0.5800456314878892 0.3912255184331797 0.5770430363321799 0.39282589285714287 0.5770430363321799 0.40522854262672814 0.5791447880622836 0.4048284850230415 0.5794450692041522 0.4076291762672811 0.574941284602076 0.40962960829493084 0.37647080449826986 0.3984271313364055 0.2653754325259516 0.394426267281106 0.239252919550173 0.39402620967741936 0.23625032439446364 0.3804232430875576 0.23775162197231833 0.37042108294930876 0.239252919550173 0.3648198444700461 0.2410544982698962 0.3608189804147465 0.23985348183391003 0.33481336405529954 0.2389527465397924 0.3080074884792627 0.24165506055363323 0.26279781105990785 0.24255579584775086 0.2519953917050691
5 0.5700161115916955 0.23189962557603686 0.5861042387543253 0.23612888824884795 0.5966446799307958 0.22984562211981566 0.6049660467128027 0.22651929723502304 0.6141195934256055 0.23058496543778803 0.6235504974048444 0.2364985599078341 0.6299302551903114 0.24832589285714285 0.6332588667820069 0.2623706797235023 0.6321493295847751 0.27789400921658985 0.6271564662629758 0.2904605414746544 0.6171707396193772 0.2997006048387097 0.6119005190311418 0.3045054723502304 0.6077398356401383 0.3107887384792627 0.6049660467128027 0.31559346198156685 0.5971993944636678 0.31855040322580647 0.5883232050173011 0.31559346198156685 0.587768490484429 0.3015486751152074 0.5849947015570934 0.2985917338709677 0.5819434472318339 0.29896140552995387 0.5822209126297577 0.29083006912442394 0.5772280493079585 0.28713407258064516 0.573067365916955 0.28676454493087555 0.5639138192041522 0.2856556739631336 0.559198313148789 0.28491647465437786 0.5619721020761246 0.23686808755760366
1 0.6150903979238754 0.17694930875576037 0.7677188581314879 0.2036520737327189 0.7688283953287197 0.2206536578341014 0.7987853589965398 0.22545852534562213 0.8231948529411764 0.2128921370967742 0.8451079152249135 0.21880573156682026 0.8451079152249135 0.3182288306451613 0.7829746972318339 0.3359697580645162 0.7688283953287197 0.33523055875576036 0.767441392733564 0.5361814516129032 0.8628601859861591 0.5424647177419355 0.8756197015570935 0.5509655817972351 0.8711607915224914 0.5554527649769585 0.8694965397923876 0.6779266993087558 0.7663110942906575 0.6886451612903226 0.7640920198961938 0.75931883640553 0.7588219074394463 0.7607972350230414 0.7571575475778547 0.7659716301843318 0.7136088884083045 0.7678197004608295 0.7086160250865052 0.7656021025345623 0.6842066392733563 0.768189228110599 0.6844839965397924 0.7870390264976957 0.4564012759515571 0.8125125288018434 0.44641554930795846 0.800315668202765 0.4447512975778547 0.8173173963133641 0.2245114619377163 0.8394935195852535 0.22340192474048445 0.8169477246543779 0.21147458910034603 0.8040116647465437 0.21064251730103806 0.6541876440092166 0.18623302335640138 0.6201841877880184 0.1878972750865052 0.2916540898617512 0.19205795847750864 0.17333021313364055 0.2170221669550173 0.14634922235023043 0.2170221669550173 0.1263906970046083 0.22756260813148788 0.1153025633640553 0.23227811418685124 0.1153025633640553 0.23532926038062282 0.0857344470046083 0.4048084991349481 0.11788983294930874 0.4036990700692042 0.1411748271889401 0.412575151384083 0.14376209677419355 0.4245025951557094 0.12269470046082949 0.4267215614186851 0.12158582949308756 0.6153400735294118 0.1574373559907834