7 0.38686148356401384 0.21381221198156683 0.38054390138408306 0.18201094470046084 0.375279303633218 0.18247868663594471 0.3728224480968858 0.16190135368663594 0.3745773140138408 0.1431947004608295 0.5963931660899654 0.13992108294930874 0.5960421712802768 0.16330429147465436 0.5925324394463668 0.2259714861751152 0.4177471885813149 0.2297128456221198 0.41213159602076127 0.22269786866359448 0.4093238538062284 0.21802116935483873 0.4019533953287197 0.18247868663594471 0.3966887975778547 0.18247868663594471 0.3966887975778547 0.19884691820276496 0.3924770761245675 0.20024985599078343 0.3921260813148789 0.2119415322580645 0.3924770761245675 0.21755357142857143
7 0.6071536548442907 0.137556883640553 0.789299848615917 0.13955933179723504 0.7910949394463668 0.16108755760368665 0.7746819852941177 0.22396370967741935 0.6046532223183391 0.22635570276497696 0.6028581314878892 0.21439559331797234
7 0.41142387543252595 0.7051111751152074 0.41414349048442906 0.6721378168202765 0.6509415008650519 0.6819137384792626 0.6519533953287198 0.7166352246543778 0.6420868295847751 0.7530423387096774 0.4237570285467128 0.744951900921659
7 0.6650456314878892 0.7194307315668202 0.6783907871972318 0.6810714285714285 0.8605431444636678 0.6894989919354839 0.8645909385813149 0.7238833525345622 0.8322082612456747 0.7592790898617512 0.6690301686851211 0.7535483870967742 0.6659943771626298 0.7518629032258064
8 0.3268589965397924 0.32337312788018435 0.34139294982698964 0.3245960541474654 0.33817690311418686 0.3565707085253456 0.3243233131487889 0.3562410714285714 0.3277866565743945 0.3226182315668203
8 0.46372512975778546 0.3153384216589862 0.014595588235294117 0.03335109447004608
8 0.4477690311418685 0.4502183179723502 0.46323064446366785 0.45210973502304147 0.46298323961937715 0.4669434043778802 0.4575407655709343 0.4695805011520737 0.4548195285467128 0.4708990495391705 0.45580903979238757 0.4807881624423963 0.4548195285467128 0.485403081797235 0.4543247188581315 0.48804017857142856 0.4461610077854671 0.48771054147465437
8 0.7333142301038061 0.37003168202764974 0.018183391003460208 0.036484735023041476
4 0.15485607698961937 0.19818634792626727 0.2892004757785467 0.19414717741935483 0.3155532006920415 0.27125388824884794 0.3144664792387543 0.28283798963133644 0.2995242214532872 0.3852851382488479 0.16640235726643599 0.384923099078341 0.12891089965397923 0.31324639976958524 0.12673745674740483 0.30636823156682025
5 0.3232170198961938 0.5764389400921659 0.33300378460207614 0.5737407834101382 0.3414406358131488 0.5719421082949309 0.3549396626297578 0.5750898617511521 0.3627015570934256 0.5831840437788018 0.37113851643598617 0.5935266417050691 0.37552562716262977 0.6016208237327189 0.3809252811418685 0.608815668202765 0.38261267301038066 0.6128627592165898 0.38261267301038066 0.6218564228110599 0.38430006487889273 0.6330983582949308 0.38261267301038066 0.651535138248848 0.3782254541522492 0.6825629320276497 0.31376762543252595 0.6816635944700461 0.30870555795847754 0.6731196716589862 0.31275529844290656 0.6470383064516129 0.30735564446366787 0.6277021889400922 0.30600573096885814 0.6052183179723503 0.3114053849480969 0.5912782258064516 0.320179714532872 0.5800362903225806
5 0.3944243079584775 0.5821484735023041 0.40758585640138406 0.5719421082949309 0.41636018598615915 0.5696936923963134 0.43188408304498266 0.5777878744239632 0.4409958910034602 0.5854324596774193 0.4460580666089966 0.599372551843318 0.4504451773356401 0.606117655529954 0.45483239619377164 0.6133124999999999 0.45516987456747404 0.6286015264976959 0.4504451773356401 0.6753680875576037 0.41602270761245674 0.6699719182027649 0.4106231617647059 0.6798649193548387 0.38868717560553634 0.6807642569124424 0.38328762975778546 0.6704216589861751 0.3869998918685121 0.6456893721198157 0.3866624134948097 0.6348970334101383 0.3812627595155709 0.620057603686636 0.38362510813148787 0.6070169930875576 0.38868717560553634 0.5908286290322581
1 0.22062445934256056 0.3843909850230414 0.1653628892733564 0.3844265552995392 0.12587835207612458 0.3079812788018433 0.15523864619377162 0.19960887096774194 0.2723425605536332 0.19511218317972348 0.28111699826989617 0.1946624423963134 0.29731574394463667 0.1946624423963134 0.31486451124567477 0.1946624423963134 0.32262640570934253 0.19376310483870968 0.32363884083044986 0.2036559619815668 0.3239763192041522 0.20410570276497694 0.3543490484429066 0.20410570276497694 0.35299924307958475 0.1888166762672811 0.3580613105536332 0.18566892281105993 0.36379844290657437 0.20410570276497694 0.37662251297577853 0.20275662442396314 0.3729102508650519 0.16408438940092165 0.37426859861591694 0.14411765552995393 0.5949858347750865 0.14052016129032258 0.597010705017301 0.1598562788018433 0.5943109861591696 0.2030254896313364 0.6024103589965398 0.20347508640552997 0.606459991349481 0.13782214861751152 0.7885027032871973 0.14052016129032258 0.7915399005190311 0.1594066820276498 0.77804098183391 0.20887125576036866 0.7804032223183391 0.2093209965437788 0.7935647707612457 0.3082501440092166 0.8190609861591696 0.3306651785714286 0.8210858564013841 0.3518001152073733 0.8288478589965398 0.34190711405529955 0.832222642733564 0.3500014400921659 0.825810553633218 0.36843822004608295 0.8251355968858132 0.37653240207373273 0.8332350778546712 0.3697871543778802 0.8362722750865051 0.37653240207373273 0.8295228157439446 0.39811693548387095 0.8305352508650519 0.4062111175115207 0.8355973183391003 0.39901627304147463 0.8386346237024221 0.4057613767281106 0.832222642733564 0.42509763824884794 0.8679949178200692 0.705838853686636 0.8625953719723184 0.7148323732718894 0.8656326773356402 0.7251749711981567 0.8477464316608997 0.7427124135944702 0.8497713019031142 0.7638473502304147 0.8389721020761246 0.7791363767281106 0.8288478589965398 0.7795861175115207 0.8254730752595156 0.788129896313364 0.5608924091695502 0.778237039170507 0.15957525951557092 0.7544040898617512 0.15653795415224914 0.7454105702764977 0.1646373269896194 0.7004426843317972 0.1427014489619377 0.6990936059907834 0.09140516868512111 0.6455819412442396 0.11502843858131487 0.5291153513824886 0.14641371107266438 0.5304644297235023 0.16396237024221455 0.5556463133640552 0.18927303200692042 0.5574449884792627