6 0.3862165551839465 0.5482414393499709 0.010171404682274246 0.005745792222867092
6 0.42273411371237457 0.4002959953569356 0.012328595317725751 0.006558328496807894
6 0.42284280936454854 0.278084735925711 0.003160535117056856 0.014132327336041788
8 0.48240802675585287 0.2649332559489263 0.02370819397993311 0.06086477074869414
8 0.4729556856187291 0.5344631456761463 0.023653846153846154 0.06189204875217644
8 0.29244565217391305 0.2967846778874057 0.02580267558528428 0.06252466627974464
0 0.4909954013377926 0.5831236215902496 0.9379088628762542 0.6179413813116656 0.9402984949832776 0.6358624492164828 0.9479439799331103 0.6478096343586767 0.9441212374581941 0.7706001160766105 0.9402984949832776 0.778564712710389 0.9331304347826086 0.7978131166569936 0.47486789297658866 0.7652901915264074 0.4825137959866221 0.5933836331979107
5 0.32314924749163876 0.7232652350551363 0.37033737458193977 0.7320394660475915 0.38706229096989964 0.7612437608821823 0.38371739130434784 0.8521746952988973 0.3603022575250836 0.8488560650029019 0.34501086956521737 0.8574846198491004 0.32589673913043476 0.8554933255948927 0.3172955685618729 0.8488560650029019 0.29626964882943146 0.8462013929193268 0.30057065217391304 0.8130145095763204 0.3000928093645485 0.7858015089959373 0.3029598662207358 0.7692083575159605 0.3034377090301003 0.7539425420777712
5 0.42098996655518395 0.7327028438769587 0.45826254180602005 0.7360214741729542 0.4730760869565217 0.7559338363319791 0.47642098662207355 0.7692083575159605 0.4802437290969899 0.7804915844457342 0.47737667224080266 0.7957573998839234 0.4783323578595318 0.8176604759141033 0.47403177257525086 0.8435461404526988 0.4721204013377926 0.8521746952988973 0.4553954849498328 0.8521746952988973 0.443926839464883 0.8574846198491004 0.4190785953177258 0.858811955890888 0.4123883779264214 0.8535020313406849 0.38801797658862874 0.8481926871735345 0.3913628762541806 0.7619071387115497 0.41525543478260873 0.7287202553685432
7 0.44679389632107025 0.8866262333139872 0.704357441471572 0.903714451538015 0.7201266722408026 0.9369013348810215 0.7220380434782608 0.9893360417875798 0.4429711538461538 0.9680963435867672 0.44058193979933113 0.9242901915264073 0.4429711538461538 0.8924312246082415
7 0.7342236622073578 0.9027144515380151 0.9234540133779264 0.9120069645966338 0.9607265886287626 0.949175856065003 0.9578595317725752 0.9916546720835752 0.7514264214046823 0.9810348229831689 0.7294448160535117 0.9325827045850261
8 0.8609740802675585 0.3871561230412072 0.026760033444816055 0.06082994776552525
7 0.7173791806020067 0.030018572257690078 0.9934594481605351 0.054377248984329656 0.9896367056856187 0.10083865351131747 0.9504527591973245 0.12075043528728961 0.6967119565217391 0.0975200232153221 0.6948005852842809 0.08889146836912362 0.70101254180602 0.0756169471851422 0.7019682274247492 0.05039524085896692
7 0.3571960702341137 0.005141033081834011 0.7023265050167223 0.03114683691236216 0.7013708193979934 0.07628032501450958 0.6841680602006689 0.10282994776552525 0.3571367056856187 0.07827161926871735 0.35092433110367893 0.04906732443412653
4 0.018516722408026758 0.12455252466627975 0.2367767558528428 0.14722054556006964 0.25397951505016725 0.17177829367382472 0.24298913043478262 0.38085432385374346 0.008840301003344483 0.35629599535693557 0.005017558528428094 0.35231398723157287 0.01218520066889632 0.13859199071387115
1 0.13584824414715718 0.13588334300638422 0.14016847826086956 0.004342426001160766 0.17108946488294313 0.007500870574579222 0.17381772575250837 0.0005531050493325594 0.252939381270903 0.008132327336041788 0.25612249163879597 0.010658734764944862 0.3529786789297659 0.019500870574579224 0.3543428093645485 0.006237376668601277 0.702558110367893 0.02960708067324434 0.7011939799331104 0.043502031340684845 0.7066505016722407 0.04792338943702844 0.7143808528428094 0.028975043528728962 0.9924096989966555 0.0567655252466628 0.9887721571906355 0.10034648868253046 0.9669452341137124 0.11487347649448636 0.9614887123745819 0.2746686012768427 0.990136287625418 0.321407428903076 0.9851341973244147 0.4478641903656413 0.9960476588628762 0.45039059779454443 0.993319397993311 0.45923273360417877 0.9874080267558529 0.46175914103308185 0.98422491638796 0.49207603017991874 0.9937738294314381 0.49460243760882183 0.9924096989966555 0.5015502031340685 0.984679347826087 0.5078659315147998 0.9819510869565218 0.5381834010446894 0.9892265886287626 0.5426041787579803 0.9892265886287626 0.5514468949506675 0.9805869565217391 0.554604759141033 0.9664903846153845 0.9011369704004644 0.941935618729097 0.9308224027858386 0.9587604515050168 0.9485072547881602 0.9578507525083613 0.992087637840975 0.7514067725752508 0.9826140452698782 0.7450405518394648 0.9718763784097504 0.7227591973244146 0.9693499709808474 0.7191212374581939 0.9882983168891468 0.4440142140468228 0.9687185142193848 0.4431045150501672 0.9510336622170633 0.1123507525083612 0.9333488102147418 0.1128051839464883 0.8916627974463146 0.10462040133779264 0.8897684271619268 0.0909786789297659 0.9036633778293673 0.05096321070234114 0.8992420197330238 0.05914799331103679 0.7369204875217643 0.09279765886287626 0.7053401044689495 0.11826212374581939 0.7091300058038305 0.129630016722408 0.3693830528148578 0.008219063545150502 0.3580145095763204 0.004126672240802676 0.3535931514799768 0.01049289297658863 0.13569007544979686 0.01640426421404682 0.12242658154381893