7 0.18009504757785466 0.20268404377880186 0.16289673442906574 0.1361918202764977 0.1677641652249135 0.1124107142857143 0.3222240484429066 0.12235555875576036 0.3287139922145329 0.18375388824884795 0.3267669766435986 0.21488536866359448 0.1804194420415225 0.20407589285714287
7 0.34437089100346024 0.12273401497695852 0.5466126730103806 0.14224956797235022 0.5466126730103806 0.16862485599078342 0.5372023140138408 0.2209432603686636 0.5294144679930796 0.2252669930875576 0.5251960423875432 0.22829377880184332 0.523249026816609 0.23434706221198157 0.3470479022491349 0.21618706797235024 0.3415314662629758 0.1491676267281106 0.3438029844290657 0.12279233870967741 0.3444519896193772 0.12279233870967741
7 0.06814403114186851 0.7661154953917051 0.32976859861591695 0.780925547235023 0.33366252162629756 0.7848169642857143 0.34177487024221453 0.8021123271889401 0.3408014705882353 0.8341085829493088 0.33625843425605534 0.8354058179723503 0.1048931660899654 0.8302171658986175 0.06335769896193771 0.8098951612903226 0.06173529411764706 0.8064362039170507
7 0.35045512543252594 0.778 0.6688663494809689 0.7823129320276498 0.6734092776816609 0.819930155529954 0.6448536980968859 0.838955069124424 0.3531322448096886 0.8350636520737327 0.34599329584775085 0.8212273905529954
8 0.19366630622837372 0.5384418202764977 0.18976297577854673 0.5839478686635945 0.21048075259515572 0.5851481854838709 0.21498464532871975 0.5419387960829493 0.21288278546712802 0.5383381336405529 0.19426686851211072 0.5379379320276497
8 0.524666955017301 0.45072868663594473 0.017394031141868514 0.04276353686635945
8 0.5268003892733565 0.6484245391705069 0.017909818339100346 0.047272465437788014
8 0.6676429498269896 0.6010606278801843 0.6727065311418685 0.595869383640553 0.6884598832179931 0.5971189516129033 0.6916481401384084 0.6403503744239631 0.6730816392733564 0.6401005184331797
4 0.7210871539792387 0.7161311923963133 0.7056825259515571 0.5612055011520737 0.749329152249135 0.5084232430875576 0.7526301903114186 0.5089120103686636 0.7551976643598616 0.5079346198156682 0.9154799956747405 0.5167315668202765 0.9173139057093425 0.5216188076036866 0.9404209558823531 0.6824091301843318 0.9374866998269896 0.6912062211981567 0.8769682093425606 0.7210184331797236
5 0.5426756055363322 0.2195437788018433 0.5534639922145329 0.21904766705069126 0.5653192041522491 0.2237867223502304 0.5724324178200692 0.2313692396313364 0.5771745242214533 0.23800403225806452 0.5802569204152249 0.2531690668202765 0.5771745242214533 0.26264717741935484 0.5759889705882353 0.2733889688940092 0.5743292603806228 0.28950187211981565 0.5755148140138409 0.30182344470046085 0.5724324178200692 0.3106696428571428 0.5650821799307959 0.31920002880184334 0.5567834126297577 0.32551872119815667 0.5273823529411764 0.3236231278801843 0.5224031141868513 0.31888407258064516 0.5226402465397925 0.310985599078341 0.5219288494809688 0.29234533410138247 0.5226402465397925 0.28286722350230414 0.5226402465397925 0.2774962557603687 0.5176610077854671 0.2756006624423963 0.5141044550173011 0.27149337557603687 0.5112590830449827 0.2670702764976959 0.5131560337370242 0.25222119815668204 0.5157641652249135 0.24400676843317973 0.5195578503460208 0.24211117511520738 0.5238256920415225 0.23452865783410137 0.529042063148789 0.2253665034562212 0.5368665657439446 0.22094340437788018
5 0.601359320934256 0.22704349078341013 0.6108435337370243 0.22441863479262675 0.6212761678200692 0.22220708525345623 0.6305233564013841 0.22599841589861752 0.63953330449827 0.23421270161290322 0.6449868079584775 0.24369081221198158 0.6487803849480969 0.25506466013824886 0.6454609645328719 0.270545650921659 0.6423785683391003 0.28444686059907837 0.6400075692041522 0.29613652073732716 0.6400075692041522 0.30182344470046085 0.63953330449827 0.30972191820276496 0.6347911980968858 0.3176203917050691 0.6241214316608996 0.32551872119815667 0.593060553633218 0.3242550403225806 0.5795456314878893 0.30909000576036866 0.5793084991349481 0.3008755760368664 0.5776486807958477 0.2876062788018433 0.5793084991349481 0.26928182603686635 0.5809682093425605 0.26169930875576036 0.580494052768166 0.2487458237327189 0.5835763408304498 0.24590250576036868 0.5892668685121107 0.24748214285714287 0.594246107266436 0.23768807603686637 0.5987511894463668 0.23200115207373273
1 0.5408973832179931 0.19743937211981566 0.5633631055363322 0.20091157834101384 0.5654970804498269 0.19775216013824884 0.5989289576124568 0.19996370967741936 0.5991660899653979 0.2034389400921659 0.6793077422145329 0.20975777649769586 0.6861838235294118 0.19680429147465436 0.6899775086505191 0.19016964285714286 0.6949567474048443 0.187326180875576 0.77960348183391 0.19554061059907835 0.7952288062283737 0.16742209101382488 0.8201248918685121 0.17089746543778803 0.8222588667820069 0.17500460829493086 0.8355367647058823 0.2647309907834101 0.7885898572664359 0.3386604262672811 0.771044009515571 0.3380285138248848 0.7911920415224913 0.5092740495391704 0.9097449178200692 0.5143290610599078 0.916383866782007 0.5159088421658986 0.9403196366782006 0.681188220046083 0.937237240484429 0.6912982430875576 0.8770124351211073 0.7222602246543779 0.812756812283737 0.7191008064516129 0.8260347102076124 0.845975806451613 0.8205813148788927 0.8522944988479262 0.504276384083045 0.8532423675115207 0.1002067474048443 0.8453438940092166 0.09024837802768165 0.8257557603686636 0.0625070285467128 0.8083791762672812 0.06724913494809688 0.7663594470046083 0.09143393166089965 0.7701507776497696 0.1077942257785467 0.6510421947004609 0.08647837370242215 0.615741935483871 0.10331293252595156 0.49157834101382486 0.0938286115916955 0.4700944700460829 0.09619971885813149 0.4640917338709677 0.10449837802768165 0.4685148329493088 0.10876632785467127 0.4543696716589862 0.09999340397923875 0.4363611751152074 0.10212737889273357 0.430042482718894 0.10805503892733564 0.43572940668202764 0.11137445934256056 0.4196165034562212 0.10378708910034602 0.4000283698156682 0.10592106401384083 0.39592122695852533 0.11611656574394463 0.40097623847926267 0.14812586505190312 0.21807632488479262 0.1711251081314879 0.19817223502304146 0.1753930579584775 0.18363911290322582 0.16258931660899653 0.13561664746543778 0.17159926470588235 0.11160527073732718 0.3221614403114187 0.12234720622119814 0.3292746539792388 0.18174351958525345 0.343500973183391 0.18237543202764978 0.341129865916955 0.14351497695852533 0.344686526816609 0.12329507488479262 0.5461788494809688 0.14256725230414746 0.5466531141868513 0.16815826612903226