9 0.568335260115607 0.5360066555740433 0.004092485549132948 0.016838602329450912
9 0.535606936416185 0.2882695507487521 0.004658959537572255 0.01637271214642263
0 0.49124855491329483 0.5978768718801997 0.9434450867052023 0.5963410981697171 0.9524890173410405 0.6732961730449252 0.9483780346820809 0.7834009983361065 0.4863156069364162 0.784585690515807 0.48384971098265894 0.6046272878535773
8 0.8676994219653179 0.3663394342762063 0.027341040462427742 0.0694342762063228
8 0.4767630057803468 0.5512811980033278 0.026520231213872834 0.06657237936772047
8 0.47428901734104045 0.26722129783693843 0.029803468208092487 0.0664226289517471
8 0.2816994219653179 0.31737104825291185 0.026924855491329478 0.06319467554076538
7 0.464528323699422 0.9203344425956739 0.7235132947976879 0.9197337770382695 0.7284462427745665 0.9469650582362729 0.7276242774566474 0.9884026622296173 0.4579514450867052 0.9848502495840266 0.45630635838150285 0.9434126455906822 0.4595953757225434 0.9256539101497504
7 0.7522890173410405 0.9070216306156406 0.9389225433526012 0.9067104825291181 0.9660543352601155 0.9386772046589018 0.9668763005780346 0.9848502495840266 0.7596890173410404 0.9824825291181364 0.740779190751445 0.9469650582362729
5 0.33997803468208093 0.7563594009983361 0.3851329479768786 0.7656439267886855 0.4012971098265896 0.7960033277870217 0.3991895953757225 0.8870865224625624 0.3169618497109827 0.8880981697171381 0.3169618497109827 0.8688702163061565 0.3106369942196532 0.8466056572379368 0.31204277456647395 0.8071364392678868 0.3127445086705202 0.7929683860232946 0.32398959537572253 0.7707038269550749
5 0.4258959537572254 0.7585590682196339 0.4701722543352601 0.7585590682196339 0.48493063583815027 0.7899317803660566 0.4884439306358382 0.8840499168053244 0.405514450867052 0.8789900166389352 0.40270289017341043 0.8061247920133111
7 0.33119306358381506 0.007838602329450916 0.6727537572254335 0.006008319467554077 0.675564161849711 0.0555973377703827 0.6692393063583816 0.08089850249584027 0.3375190751445087 0.08595840266222962 0.32416531791907516 0.05154908485856905
7 0.6887421965317918 0.0027820299500831945 0.9719699421965318 0.0032063227953410983 0.9663468208092485 0.057856905158069884 0.9572104046242774 0.07202495840266222 0.6880393063583815 0.07708485856905159 0.6824161849710982 0.04571214642262895
4 0.0008786127167630058 0.1633594009983361 0.22050289017341043 0.16579866888519135 0.24158728323699424 0.1890748752079867 0.235964161849711 0.4086855241264559 0.040586127167630055 0.40564891846921797 0.001230057803468208 0.4016006655574043 0.001230057803468208 0.39249251247920136
1 0.11789826589595376 0.1623377703826955 0.11564508670520231 0.017792013311148085 0.32470751445086704 0.013467554076539101 0.3277121387283237 0.004816971713810316 0.6719445086705202 0.00741098169717138 0.6743468208092485 0.013467554076539101 0.6863618497109826 0.015198003327787021 0.6899664739884394 0.004816971713810316 0.9699028901734104 0.00741098169717138 0.9705040462427745 0.05672212978369385 0.9687017341040463 0.24011980033277872 0.9981387283236994 0.28077870216306156 0.9987398843930635 0.8917171381031614 0.9632947976878613 0.9444875207986688 0.9662982658959537 0.9886056572379368 0.7614416184971099 0.9860116472545757 0.7247953757225434 0.9886056572379368 0.43162658959537575 0.9929317803660564 0.13194104046242774 0.9963926788685524 0.12713526011560694 0.9367004991680532 0.1211271676300578 0.9358352745424293 0.1091121387283237 0.94708153078203 0.07306705202312139 0.9436222961730448 0.07246589595375723 0.77146921797005 0.10791098265895954 0.7541680532445924 0.12473179190751445 0.7610881863560732 0.12232832369942195 0.40490016638935106 0.005782658959537572 0.407495840266223 0.001576878612716763 0.3919251247920133 0.0003757225433526012 0.162675540765391