9 0.5656103678929766 0.4787340301974448 0.010142140468227425 0.016283391405342625
9 0.5897826086956521 0.3686817653890825 0.012600334448160536 0.0081068524970964
9 0.6677717391304347 0.43458188153310107 0.009983277591973243 0.014099883855981418
9 0.4349581939799331 0.2576422764227642 0.004602842809364549 0.015389082462253194
8 0.290188127090301 0.29799070847851333 0.023791806020066888 0.06181184668989547
8 0.48201923076923076 0.2648141695702671 0.022190635451505018 0.06204413472706156
8 0.4722575250836121 0.5353600464576074 0.023967391304347826 0.06057491289198606
8 0.8615510033444815 0.38804297328687576 0.023369565217391305 0.061231126596980254
0 0.4913532608695652 0.585184668989547 0.9404761705685619 0.6176875725900115 0.9391066053511705 0.6329152148664344 0.9427591973244147 0.6386260162601626 0.9464113712374581 0.6443362369337979 0.9454983277591974 0.77187049941928 0.940933110367893 0.7782154471544716 0.9381935618729097 0.7851951219512195 0.9318022575250836 0.7966161440185829 0.475260033444816 0.7693327526132404 0.4757165551839465 0.7604494773519164 0.4770861204013378 0.7522009291521486 0.48439088628762544 0.590404181184669 0.48895652173913046 0.5872317073170732
7 0.3548411371237458 0.0034529616724738674 0.7028499163879599 0.031077235772357725 0.6999632107023411 0.07743960511033682 0.6826421404682275 0.10329558652729384 0.35514590301003346 0.07788501742160278 0.3506551003344482 0.04757142857142858 0.35161747491638795 0.004329849012775842
7 0.7193047658862877 0.02963008130081301 0.9928331939799331 0.057808943089430895 0.9905877926421404 0.1014965156794425 0.9466438127090301 0.12378571428571428 0.6948469899665553 0.10015911730545876 0.6945263377926422 0.08812253193960512 0.6993377926421405 0.07653193960511034 0.7009414715719063 0.05201335656213705
7 0.7373478260869566 0.9023757259001162 0.9228273411371236 0.9143072009291521 0.9606772575250836 0.9490789779326365 0.9577901337792643 0.9918751451800233 0.7499377090301004 0.9820673635307781 0.7278051839464883 0.9352595818815331 0.7290882107023412 0.904054587688734
7 0.4478616220735786 0.8873379790940767 0.7041492474916388 0.9030603948896632 0.7221116220735786 0.9387235772357724 0.7211492474916388 0.98731475029036 0.4430501672240803 0.966362950058072 0.4414464882943144 0.9213379790940767 0.4427295150501672 0.888349593495935 0.4468992474916388 0.8874581881533101
5 0.32734322742474914 0.7257200929152149 0.3652483277591973 0.7294535423925668 0.3858428093645485 0.7584901277584204 0.3867378762541806 0.7642973286875725 0.38315635451505015 0.848917537746806 0.3598758361204013 0.8480882694541231 0.35539882943143813 0.849747386759582 0.34793729096989967 0.8543101045296168 0.33450627090301005 0.8567990708478512 0.3219707357859532 0.8509918699186991 0.31719523411371237 0.8464285714285714 0.2980936454849498 0.8447694541231127 0.30018269230769234 0.812829268292683 0.2992872073578595 0.8028739837398374 0.30018269230769234 0.7879413472706156 0.3025702341137124 0.7788153310104529 0.3031672240802676 0.7705191637630663 0.3031672240802676 0.7539268292682927 0.321373745819398 0.7290389082462253
5 0.41813168896321073 0.7296248548199767 0.4570405518394649 0.7323095238095239 0.47332148829431436 0.7606893147502903 0.47442558528428097 0.7698937282229965 0.4749774247491639 0.7852340301974449 0.4769088628762542 0.79367131242741 0.4780129598662207 0.8070940766550523 0.47746070234113713 0.8143809523809524 0.4735974080267559 0.8258861788617886 0.47304556856187296 0.8504308943089431 0.4575923913043478 0.8523484320557491 0.44379515050167223 0.8584849012775841 0.43275710702341136 0.8596353077816492 0.42144314381270903 0.8573344947735191 0.41344063545150506 0.850047619047619 0.3952282608695652 0.8492804878048781 0.38943311036789297 0.8485133565621371 0.39053678929765884 0.7633739837398373
4 0.018449414715719065 0.12378339140534263 0.232188127090301 0.14490127758420443 0.25432734113712374 0.1705423925667828 0.24362667224080267 0.38028687572590014 0.16244857859531772 0.37464576074332173 0.008948160535117057 0.3582351916376306 0.003782190635451505 0.35003019744483155 0.0122688127090301 0.13361962833914054
1 0.1354163879598662 0.13145993031358885 0.13981103678929765 0.001924506387921022 0.1712888795986622 0.005901277584204414 0.17251505016722407 0.0036289198606271776 0.25427591973244146 0.007037746806039489 0.2755334448160535 0.009310104529616725 0.3515710702341137 0.019537166085946574 0.3532065217391304 0.007605691056910569 0.7035409698996655 0.03146806039488966 0.7014966555183947 0.04908072009291521 0.7043582775919732 0.04851277584204414 0.7170313545150502 0.029763646922183508 0.9929021739130435 0.05703484320557491 0.9908582775919732 0.10248722415795587 0.9679653010033445 0.1132822299651568 0.9614243311036789 0.28031881533101044 0.9875877926421405 0.32179384436701514 0.9855438963210702 0.4446149825783972 0.9961726588628762 0.4525691056910569 0.9933110367892977 0.4599552845528455 0.9847261705685619 0.4616596980255517 0.9830907190635451 0.4900673635307781 0.9929021739130435 0.4929082462253194 0.9904494147157191 0.5054070847851336 0.9826822742474917 0.5059756097560976 0.981455685618729 0.5349512195121952 0.9924933110367893 0.5423373983739838 0.9904494147157191 0.5519959349593496 0.9826822742474917 0.5514274099883856 0.9671475752508361 0.8968135888501743 0.9397575250836121 0.9297659698025552 0.9597888795986622 0.951355981416957 0.9561099498327759 0.9939674796747968 0.7480288461538462 0.9837404181184669 0.7423056020066889 0.9678321718931475 0.7218653846153846 0.9689686411149826 0.7198214882943145 0.9877177700348432 0.44164088628762543 0.9666962833914053 0.4420497491638796 0.950788037166086 0.11282984949832776 0.9354477351916376 0.10874163879598663 0.9320389082462254 0.1120121237458194 0.8888594657375145 0.10547115384615385 0.8894274099883857 0.09238963210702342 0.9036312427409989 0.04946530100334448 0.9002224157955865 0.05845903010033445 0.7354581881533101 0.09116304347826087 0.7064825783972126 0.11691764214046822 0.7098914053426248 0.12918185618729097 0.37003716608594656 0.010199832775919732 0.3598101045296167 0.003658862876254181 0.351288037166086 0.011426003344481605 0.1318385598141696 0.018784698996655518 0.12331591173054587