9 0.5167140468227425 0.5332849680789321 0.005568561872909699 0.01603598374927452
9 0.37703177257525083 0.541799187463726 0.012813545150501671 0.007568195008705745
9 0.4317433110367893 0.5872838073128265 0.01157608695652174 0.00824143934997098
8 0.8605476588628762 0.3872489843296576 0.02563963210702341 0.0622576900754498
8 0.48152591973244147 0.2639872315728381 0.02439799331103679 0.06035403366221706
8 0.2909698996655518 0.2973708647707487 0.02620401337792642 0.05969239698200812
8 0.47249163879598666 0.5333894370284388 0.02439799331103679 0.0581601857225769
7 0.44734155518394647 0.8846726639582124 0.7046354515050167 0.8988572257690075 0.7219515050167223 0.9381427742309925 0.7213745819397993 0.9870487521764364 0.442002508361204 0.966203714451538 0.4402709030100334 0.9197022634939059 0.4443110367892976 0.8868311085316308 0.44604306020066886 0.8836239117817759
7 0.73450627090301 0.9030574579222287 0.9215238294314381 0.9126784677887406 0.9607742474916388 0.9511619268717354 0.9578883779264213 0.9920510737086478 0.7483591137123746 0.9800249564712711 0.7293110367892977 0.9391358096343587
7 0.7206530100334447 0.02953801508995937 0.9942529264214047 0.05599593731863029 0.9913666387959867 0.10089320951828207 0.9469214046822743 0.11933313987231572 0.6946780936454849 0.0992896111433546 0.6946780936454849 0.0856604759141033 0.6998733277591973 0.07283226929773651 0.7021822742474916 0.05359024956471271
7 0.3549870401337793 0.002203714451538015 0.7016049331103679 0.0327695879280325 0.7004502508361204 0.07125362739408009 0.6808252508361204 0.10332327336041788 0.3552759197324415 0.07766744051073708 0.3483490802675585 0.0455977945443993
0 0.4891897993311037 0.584172373766686 0.9244096989966556 0.6144306442251887 0.9394172240802675 0.6168357515960534 0.9423035117056855 0.6216465467208357 0.9359540133779265 0.6376813697040046 0.9486530100334448 0.6481038885664538 0.9446124581939799 0.7683650609402206 0.9382629598662207 0.7771845618107951 0.933068143812709 0.7980295995356936 0.4764908026755853 0.7667620429483459 0.47822282608695654 0.7451149158444574
5 0.32453929765886286 0.7227840975043529 0.37071613712374585 0.7308015089959373 0.38745568561872906 0.7628711549622751 0.38341513377926423 0.8462524666279745 0.3632123745819398 0.8478560650029019 0.3464732441471572 0.8550713871154962 0.3343520066889632 0.8590800928612884 0.32511622073578594 0.8542698781195589 0.3164581939799331 0.8470539756239117 0.2991417224080268 0.8462524666279745 0.3008733277591973 0.8189930354033662 0.2991417224080268 0.798949506674405 0.3002959866220736 0.7740957632037145 0.3008733277591973 0.7564573418456181
5 0.4180903010033445 0.7263128264654671 0.4618561872909699 0.735022054556007 0.46944732441471565 0.7547916424840395 0.473242474916388 0.7653348810214742 0.4756145484949833 0.771925130586187 0.4737169732441472 0.7831276842716193 0.4779870401337793 0.7936709228090539 0.4775125418060201 0.8127811955890888 0.473242474916388 0.8312327336041787 0.4727679765886288 0.852319791062101 0.45711204013377926 0.8536378409750435 0.44335367892976585 0.8575914103308184 0.42769732441471575 0.8589094602437609 0.41298996655518394 0.8516604759141033 0.390691889632107 0.849024956471271 0.3902173913043478 0.7646761462565294
4 0.019570234113712375 0.1269524085896692 0.23638419732441474 0.14699825885084156 0.253938127090301 0.16940336622170632 0.24397491638795984 0.3789570516540917 0.009607023411371238 0.35852930934416716 0.004862876254180602 0.35128032501450956 0.01292809364548495 0.13447765525246663
1 0.14341596989966554 0.005578061520603599 0.17075961538461537 0.009388276262333139 0.1725455685618729 0.001947185142193848 0.25558152173913046 0.010008125362739408 0.26317098662207355 0.012488682530470111 0.3524569397993311 0.02178990133488102 0.3529034280936455 0.00442774230992455 0.7017775919732442 0.03233139872315728 0.7017775919732442 0.044733023795705165 0.7071350334448161 0.04535345327916425 0.7182955685618729 0.029850841555426583 0.9925936454849499 0.05713464886825305 0.990808110367893 0.09992048752176437 0.966700668896321 0.11480266976204295 0.9626831103678929 0.279125362739408 0.98946864548495 0.3163302379570517 0.9850045986622074 0.44672780034822984 0.9961651337792643 0.44672780034822984 0.9961651337792643 0.45540917005223447 0.984558110367893 0.46099013348810214 0.9832186454849497 0.4907539175856065 0.9925936454849499 0.49385432385374345 0.9912545986622074 0.5031555426581544 0.9832186454849497 0.5043958212420198 0.981433110367893 0.5360203134068485 0.9917010869565217 0.5459413813116657 0.987683110367893 0.5490417875798027 0.981433110367893 0.5552431804991295 0.9680401337792642 0.8957080673244342 0.9399151337792643 0.9298125362739408 0.9617901337792641 0.9496552524666281 0.9577721571906355 0.9905809634358677 0.7515213210702341 0.9806598955310505 0.7425928093645484 0.9701183981427741 0.7211638795986621 0.9670179918746373 0.7211638795986621 0.9831398723157284 0.44464506688963207 0.9670179918746373 0.44330560200668895 0.9496552524666281 0.1107930602006689 0.9322930934416714 0.11347157190635451 0.8882669762042948 0.1045430602006689 0.8882669762042948 0.09382859531772575 0.9037690075449797 0.050078177257525086 0.8988084735925711 0.05989966555183947 0.7332455020313408 0.09025710702341137 0.705341845618108 0.11748954849498329 0.7103023795705166 0.13088210702341138 0.37167382472431804 0.00811371237458194 0.35927219965177015 0.0058816889632107025 0.3536912362159025 0.012578177257525084 0.1330591990713871 0.018828177257525083 0.1262379570516541 0.13802508361204013 0.135539175856065