6 0.564878762541806 0.48297156123041207 0.008716555183946489 0.013934997098084738
6 0.5496070234113712 0.4676088218224028 0.009974916387959866 0.012872896111433546
6 0.7765635451505016 0.4065002901915264 0.008896321070234114 0.011532211259431225
6 0.3037834448160535 0.3917817759721416 0.01213628762541806 0.012124201973302379
6 0.5072073578595317 0.3877771329077191 0.012035953177257525 0.006273940800928613
8 0.4824247491638796 0.26411491584445734 0.0206814381270903 0.06044109112013929
8 0.28954431438127093 0.29609402205455604 0.019945652173913045 0.05970980847359257
8 0.47134615384615386 0.5343586767266396 0.022236622073578596 0.057336041787579804
8 0.8620108695652173 0.3880557167730702 0.025342809364548493 0.060928612884503776
0 0.49030727424749165 0.5845531050493326 0.9412562709030101 0.615448055716773 0.9401889632107022 0.6362031340684853 0.9481939799331104 0.6480632617527569 0.9449920568561873 0.7748183401044689 0.9396555183946488 0.7800069645966338 0.9337851170568562 0.7985385954730122 0.47589841137123745 0.7674056877539176 0.4823022575250836 0.5939518282066164
5 0.3286479933110368 0.7243209518282067 0.3716341973244147 0.7334602437608821 0.3869866220735786 0.7639228090539757 0.3812842809364549 0.8486099825885084 0.3628616220735786 0.8467823563551945 0.35408904682274245 0.8522658154381891 0.34312290969899667 0.8583580963435867 0.3299640468227425 0.8565304701102727 0.3132955685618729 0.8443453279164248 0.2983821070234114 0.8437359257109692 0.30145275919732445 0.819975043528729 0.30013670568561873 0.8059616947185142 0.3010137959866221 0.7767173534532792 0.3018913043478261 0.7572211259431225
5 0.4190071070234114 0.728586186883343 0.46243185618729094 0.7340690655832849 0.47515259197324416 0.7669692396982009 0.47822282608695654 0.77184329657574 0.4777842809364548 0.785856065002902 0.47822282608695654 0.7949953569355775 0.4786613712374582 0.8071804991294254 0.47339799331103677 0.823630295995357 0.4725204849498328 0.852874637260592 0.4580455685618729 0.852874637260592 0.4492729933110368 0.8571398723157284 0.43786831103678936 0.8620139291932676 0.4207617056856187 0.8589674985490423 0.4133047658862876 0.8522658154381891 0.388741220735786 0.849219384793964 0.3918114548494983 0.7633139872315728
7 0.4496020066889633 0.8838879860708068 0.7035723244147157 0.9007858386535114 0.7228720735785953 0.9385600696459663 0.7206789297658863 0.9860824143934998 0.4434611204013378 0.9659767846778874 0.4403904682274247 0.9160174114915844 0.4421450668896322 0.8879912942542078
7 0.7347153010033445 0.9029175856065004 0.9185037625418061 0.909580383052815 0.9571036789297658 0.9479640162507256 0.9566651337792641 0.9924399303540337 0.75050627090301 0.9802547881601857 0.72638127090301 0.9327324434126524 0.7307675585284281 0.9040975043528728
7 0.7199113712374582 0.030599535693557747 0.9931814381270904 0.05660882182240279 0.9887951505016722 0.10047533372025537 0.9466860367892976 0.12179918746372606 0.6927157190635452 0.09864770748694138 0.6935932274247492 0.08524376088218225 0.7001726588628763 0.07488624492164829 0.701488712374582 0.0535623911781776
7 0.35803678929765886 0.0047190946024376085 0.7023658026755852 0.030269297736506096 0.6988566053511706 0.07535461404526989 0.6852591973244148 0.10155252466627974 0.35628219063545147 0.08083807312826465 0.3497023411371238 0.05220255368543238 0.3523344481605351 0.007117817759721415
4 0.016448996655518393 0.12574753337202554 0.23653428093645484 0.14536970400464308 0.2518867056856187 0.17095821242019732 0.2448683110367893 0.36470284387695884 0.22644565217391305 0.37688798607080676 0.005811872909698997 0.355564132327336 0.010637123745819398 0.13623099245502032
1 0.137059364548495 0.13537550783517122 0.14083193979933112 0.0028142774230992458 0.17101003344481605 0.004910040626813697 0.17327341137123747 0.0017661056297156124 0.253748745819398 0.010149738827626233 0.35145066889632104 0.020977945443993038 0.3534627926421404 0.004211259431224608 0.7015882107023411 0.032077771329077194 0.7021755852842809 0.0451329077190946 0.7098122909698997 0.04758096343586767 0.7197989130434783 0.027182240278583864 0.9953114548494982 0.05737260591990714 0.9888499163879599 0.10306558328496808 0.968289297658863 0.11040917005223448 0.9624147157190636 0.28420777713290774 0.9906120401337792 0.31929425420777713 0.9876747491638797 0.4498467788740569 0.993549331103679 0.45311085316308763 0.9929619565217391 0.4571903656413233 0.9835627090301002 0.45963842135809635 0.9853248327759198 0.49227626233313987 0.991199414715719 0.4947243180499129 0.991199414715719 0.4988038305281486 0.9829753344481605 0.5028839233894371 0.9835627090301002 0.5379698200812536 0.9900246655518395 0.5420499129425421 0.9882621237458193 0.5493934997098084 0.9806254180602006 0.5477614625652931 0.968289297658863 0.8988270458502612 0.938916806020067 0.9314654672083575 0.9612395484949832 0.9477846778874056 0.9577148829431438 0.9942936738247242 0.7485840301003345 0.9812385374347069 0.7415342809364549 0.9673673824724317 0.7215614548494983 0.9681834010446896 0.7215614548494983 0.9877661056297157 0.4436989966555184 0.9673673824724317 0.4413490802675586 0.9477846778874056 0.11046948160535117 0.9306494486360999 0.11223160535117058 0.8898514219384793 0.10459489966555184 0.8882199651770168 0.09108361204013378 0.9029071387115497 0.04819983277591973 0.8980110272780034 0.058774247491638794 0.7315565873476494 0.09402090301003345 0.7062617527568195 0.11751881270903011 0.710341265235055 0.1275054347826087 0.3684561810795125 0.004772993311036789 0.3576123041207197 0.01006020066889632 0.13322460824143934 0.01769690635451505 0.12424898432965757