0 0.4643083333333333 0.48560859375 0.8501020833333333 0.49329140625 0.8549208333333334 0.49531640625 0.8545354166666667 0.5065984375 0.8533791666666667 0.5089125 0.8526072916666667 0.52829453125 0.8510333333333333 0.5317921875 0.8508354166666667 0.5485 0.8525229166666667 0.55014453125 0.8516385416666666 0.5688328125 0.8531552083333334 0.5725328125 0.852903125 0.57831953125 0.8472135416666667 0.58201875 0.6981125 0.5759765625 0.6389104166666667 0.57375078125 0.6377333333333334 0.57959921875 0.6064072916666666 0.5789375 0.6056718750000001 0.57286796875 0.6023541666666666 0.57203671875 0.5867927083333334 0.57186484375 0.5177677083333333 0.568846875 0.497984375 0.5683570312499999 0.45989270833333334 0.56648125 0.4575020833333333 0.5658289062499999 0.456740625 0.56183203125 0.45913229166666664 0.5604453125 0.45891458333333335 0.55701953125 0.45348020833333336 0.5556328125000001 0.45337083333333333 0.532078125 0.453696875 0.5000015624999999 0.45781458333333336 0.49682343749999996 0.46142500000000003 0.49658749999999996 0.46189583333333334 0.49222968749999996 0.45844270833333334 0.4912875 0.45812916666666664 0.49152265625 0.4615822916666667 0.48810703125000005
7 0.33791458333333335 0.24012734375 0.40715520833333335 0.23662109375 0.512090625 0.23140468749999998 0.6107125 0.22643046875 0.621221875 0.23941171875 0.6221916666666666 0.24572031249999998 0.6263958333333334 0.25033046875 0.6283354166666667 0.2533640625 0.62785 0.266103125 0.5229229166666667 0.270228125 0.4291479166666667 0.2739890625 0.37094270833333337 0.2760515625 0.3387677083333333 0.2602796875
7 0.6222520833333333 0.2452625 0.6227864583333333 0.22446562499999997 0.7513760416666667 0.21965625000000003 0.8713302083333333 0.21594843749999998 0.8735999999999999 0.21775234375000002 0.8729322916666666 0.22967578125000002 0.87213125 0.23829296875 0.8705291666666667 0.24049765625 0.8674572916666666 0.2568296875 0.7548916666666667 0.2607375 0.679446875 0.26324296875000003 0.6380625 0.26484609375 0.6224385416666667 0.24500625
7 0.6698385416666667 0.6652750000000001 0.6697333333333333 0.6455437500000001 0.6810635416666667 0.6311640625 0.7372770833333333 0.6337875000000001 0.8122510416666666 0.6377765625 0.857990625 0.6404 0.8593895833333334 0.65666953125 0.85925 0.67713671875 0.7827375 0.6731484375 0.7315052083333333 0.67049375 0.6884916666666666 0.66858515625
7 0.6439395833333333 0.6654703125 0.4209833333333333 0.65182890625 0.42204375 0.6327164062499999 0.45133541666666666 0.6187 0.6578635416666666 0.63016796875 0.6576510416666667 0.64928046875
4 0.11004062499999999 0.3092234375 0.24875625 0.30371015625000003 0.30166145833333335 0.32128203125 0.30057812500000003 0.40718984375 0.22100208333333335 0.40816640625 0.10890208333333334 0.40182109375 0.10499895833333334 0.39726484375000004 0.10608333333333334 0.31184531249999997
8 0.4625958333333333 0.36288828125 0.46292500000000003 0.3374453125 0.47824895833333336 0.337321875 0.47775416666666665 0.3630390625
8 0.459434375 0.47894921874999996 0.45995416666666666 0.45493359375000003 0.4745020833333333 0.45516796875 0.474709375 0.47949453125
8 0.3296354166666667 0.3717734375 0.0166875 0.0258671875
8 0.7892291666666666 0.38896875 0.017468749999999998 0.027578125
5 0.36308437499999996 0.548296875 0.39389583333333333 0.55281015625 0.40288229166666667 0.5605171875 0.400315625 0.5653343750000001 0.3964635416666667 0.57015078125 0.39389583333333333 0.57858046875 0.39614270833333337 0.5846015625 0.400315625 0.5949578125 0.40609270833333333 0.6009789062500001 0.38170000000000004 0.59977421875 0.36500937499999997 0.6021828124999999 0.3435052083333333 0.60146015625 0.3338770833333333 0.5954390625 0.32745729166666665 0.5874914062500001 0.32392708333333337 0.575690625 0.3297041666666667 0.5643710937499999 0.33965416666666665 0.55762734375 0.34831979166666666 0.5537734375000001
5 0.42641875 0.5509398437499999 0.45303125000000005 0.5519695312499999 0.45412812500000005 0.5564984374999999 0.4579697916666667 0.55855703125 0.456871875 0.5634984375000001 0.4604385416666667 0.56638046875 0.467571875 0.5667921875 0.472784375 0.5684390625 0.4716875 0.60405546875 0.4483666666666667 0.60364296875 0.43355208333333334 0.60384921875 0.4203822916666667 0.60405546875 0.406390625 0.59952578125 0.3992572916666666 0.59293828125 0.3954166666666667 0.58532109375 0.39514166666666667 0.5779093750000001 0.39761145833333333 0.56823359375 0.40282395833333334 0.5634984375000001 0.414346875 0.55855703125
1 0.21948541666666666 0.6325289062499999 0.21907395833333335 0.61514921875 0.18944270833333335 0.6120609375 0.16475104166666668 0.61803125 0.13951041666666666 0.61453125 0.13813854166666667 0.6139140624999999 0.14143125 0.54947578125 0.14362604166666668 0.5474171875 0.19904583333333334 0.541446875 0.22099375 0.5433 0.22318854166666666 0.407640625 0.18879791666666668 0.4068171875 0.14709583333333331 0.40372890625 0.109509375 0.40084687499999994 0.10319895833333333 0.397346875 0.10649166666666667 0.3110265625 0.11033229166666667 0.30917343750000004 0.22336770833333333 0.30443828125 0.22583645833333332 0.260009375 0.2376333333333333 0.260009375 0.2376333333333333 0.256509375 0.2944260416666667 0.253421875 0.2979927083333333 0.256509375 0.338596875 0.25383359375 0.338596875 0.24045156250000002 0.6100177083333332 0.22624609375000002 0.6207177083333334 0.23839296875 0.6220895833333333 0.226040625 0.6223635416666667 0.22480546875 0.8694833333333333 0.21628124999999998 0.87305 0.21689921874999998 0.8725010416666666 0.23028046875000002 0.8815552083333333 0.23645703125 0.8804572916666668 0.3311578125 0.9077427083333334 0.3519875 0.9058218750000001 0.48894453125000004 0.8997864583333333 0.63112421875 0.8701552083333334 0.65065 0.86988125 0.6652671875 0.8619249999999999 0.669384375 0.8602791666666667 0.676590625 0.6693270833333334 0.6656789062499999 0.6698760416666667 0.659503125 0.6503958333333333 0.65909140625 0.6432625000000001 0.6654734375 0.41999895833333334 0.65126796875 0.4216447916666667 0.64550390625