6 0.7750041806020067 0.403435867672664 0.0052633779264214045 0.008810214741729541
6 0.477621237458194 0.3850087057457922 0.008729096989966555 0.005844457341845619
6 0.5359615384615385 0.29660475914103307 0.004130434782608696 0.014138131166569937
6 0.569515050167224 0.4759431224608241 0.006567725752508361 0.010591990713871156
6 0.4373285953177257 0.4245095763203714 0.003954849498327759 0.015490423679628556
8 0.47284698996655516 0.5346430644225189 0.024180602006688964 0.059257109692396975
8 0.48228260869565215 0.26489843296575744 0.022612876254180604 0.05872896111433546
8 0.2897700668896321 0.29726059199071386 0.023089464882943143 0.060104468949506676
8 0.860321906354515 0.3887986070806732 0.02540551839464883 0.059738827626233316
0 0.488498745819398 0.5854039466047591 0.9398469899665552 0.6173969820081254 0.9374347826086957 0.6361607661056298 0.9422596153846154 0.6442025536854324 0.9475664715719064 0.6495635519442833 0.9441893812709031 0.7701886244921649 0.9364698996655518 0.7789007544979687 0.9350225752508361 0.7956540917005224 0.47860785953177254 0.7661677307022635 0.4824678093645485 0.5959524085896692
5 0.41371613712374583 0.7297463726059199 0.4624452341137124 0.7317568195008706 0.4740246655518395 0.7538717353453279 0.476436872909699 0.7706250725478816 0.47498954849498326 0.7853679628554847 0.47836663879598657 0.7994410911201393 0.4769193143812709 0.8155246662797445 0.47305978260869563 0.8309378990133488 0.47209448160535117 0.8530522344747533 0.4561730769230769 0.852382472431805 0.44362918060200673 0.8604236796285548 0.4334970735785953 0.8590835751596053 0.41323369565217394 0.852382472431805 0.3900752508361204 0.846351131746953 0.3910401337792642 0.7639239698200813
5 0.3226505016722408 0.7243871154962275 0.366434364548495 0.7304167150319211 0.38525041806020066 0.7625832849680789 0.3842855351170569 0.8456807893209518 0.36209197324414716 0.8456807893209518 0.35099540133779267 0.8517121300058038 0.33796864548494987 0.8543929193267557 0.3234945652173913 0.8490313406848521 0.3177048494983278 0.846351131746953 0.3003361204013378 0.8443406848520023 0.3003361204013378 0.8128438769587928 0.299371237458194 0.7954201973302379 0.3003361204013378 0.7806773070226349 0.3003361204013378 0.7706250725478816 0.3027483277591973 0.7518612884503774
7 0.44695526755852844 0.8854434126523505 0.7038900501672241 0.9037875798026699 0.721623745819398 0.9404492164828787 0.7203867056856187 0.9845577481137551 0.44406814381270904 0.9667997678467789 0.4411814381270903 0.9186813697040046
7 0.7345117056856187 0.9017510156703424 0.9221609531772577 0.9120621009866512 0.9592784280936455 0.9510150899593731 0.9568039297658864 0.9922594312246082 0.7501835284280937 0.980802669762043 0.7279130434782608 0.9292472431804992
7 0.7181183110367894 0.03020197330237957 0.9928900501672241 0.05636564132327336 0.9900033444816054 0.10219268717353454 0.9495865384615385 0.12453337202553685 0.6934765886287626 0.0976099825885084 0.6926517558528429 0.09016308763784098 0.7013122909698997 0.07584213580963435 0.7025497491638796 0.048918746372605924 0.7190464046822743 0.028869413813116654
7 0.3551927257525084 0.002290191526407429 0.7034774247491639 0.030318630295995356 0.7014155518394649 0.075 0.6832692307692309 0.10536041787579803 0.35416178929765885 0.08072838073128265 0.35044983277591973 0.052086477074869415
4 0.018558528428093645 0.12538769587928034 0.23889172240802675 0.1487109692396982 0.25415091973244147 0.17162449216482878 0.2450777591973244 0.38071038885664543 0.011238294314381272 0.36180673244341266 0.0034025919732441467 0.347485780615206 0.012063127090301003 0.1343900174114916
1 0.14268812709030101 0.005414393499709809 0.17323745819397993 0.008519442832269297 0.171747491638796 0.002309924550203134 0.25668979933110364 0.008519442832269297 0.3524360367892977 0.01990365641323273 0.3539264214046823 0.00489727219965177 0.7033260869565218 0.030770748694138133 0.7036985785953177 0.044225188624492165 0.7059339464882943 0.0447423099245502 0.7159928929765886 0.029735925710969238 0.9940576923076924 0.05612710388856645 0.9914498327759197 0.10011201392919326 0.9676066053511705 0.11460127684271619 0.9605280100334449 0.2780046430644225 0.9884694816053511 0.3214724318049913 0.9851166387959865 0.44934126523505513 0.995175585284281 0.4514109112013929 0.9962930602006688 0.4591729541497388 0.9847441471571906 0.4612426001160766 0.9821358695652173 0.49280847359257113 0.9933127090301003 0.4948786999419617 0.9936852006688963 0.5010882182240278 0.983998745819398 0.5057452118398142 0.9836262541806019 0.5367939640162507 0.9921948160535117 0.5466256529309345 0.9899598662207357 0.5528351712130005 0.9806459030100334 0.5538705745792223 0.9679790969899665 0.8951056297156124 0.9391433946488295 0.9304242600116077 0.958888795986622 0.9469837492745212 0.9577709030100334 0.9914863609982588 0.7506308528428094 0.9826889146836912 0.7439251672240803 0.9681996517701683 0.7200815217391304 0.9676825304701103 0.721199414715719 0.9863116656993616 0.4427336956521739 0.9656123041207196 0.4434790969899665 0.94801857225769 0.11216680602006689 0.9330905397562391 0.11291178929765885 0.8885879280325014 0.10434322742474916 0.8880702263493906 0.0916760033444816 0.9035943122460824 0.05032274247491639 0.8989373186302959 0.0603816889632107 0.7338636099825885 0.09353887959866221 0.7069553105049333 0.118127508361204 0.708128264654672 0.1285589464882943 0.37085548461984913 0.010459448160535116 0.3610237957051654 0.004125836120401338 0.34963958212420193 0.012694816053511705 0.13243934997098086 0.016047658862876256 0.12467730702263494 0.13638252508361204 0.1350266976204295