1 0.25495588235294114 0.1745740207373272 0.24955049740484428 0.1781735311059908 0.2491000216262976 0.19647076612903225 0.2268026600346021 0.22136707949308757 0.20963343425605538 0.5914128744239631 0.23037143166089966 0.6166300403225806 0.22567971453287194 0.7430838133640553 0.22842073961937714 0.749573732718894 0.2320754757785467 0.7491680587557603 0.2299435553633218 0.7694487327188939 0.4154211721453287 0.771476814516129 0.41724848615916954 0.7548466301843317 0.4209032223183391 0.7544411002304148 0.4266898788927335 0.7686375288018433 0.6333307742214532 0.7652348790322581 0.6340342776816609 0.7532890264976958 0.6686819852941176 0.7549287154377881 0.6723753243944637 0.7570367223502305 0.7147615700692042 0.7568025633640553 0.7163445069204152 0.7544602534562211 0.7225001081314878 0.7537574884792626 0.7256658737024221 0.6867672811059908 0.8121900951557094 0.6874699020737327 0.8146523572664359 0.6830195852534562 0.820280384948097 0.5661286002304148 0.8167628676470589 0.5621466013824885 0.7305833693771627 0.5558224366359447 0.7379702638408304 0.3667927707373272 0.7550302768166091 0.36936923963133644 0.798295847750865 0.3574235311059908 0.8021651167820069 0.26841546658986176 0.800230428200692 0.2653703917050691 0.7807081531141868 0.26209115783410136 0.7617135596885813 0.27099193548387096 0.740608347750865 0.26794700460829496 0.7421912846020761 0.24967684331797235 0.5856788494809688 0.2246094470046083 0.5856788494809688 0.2131320564516129 0.4177239403114187 0.18244772465437786 0.411568339100346 0.19603312211981566 0.39872934688581313 0.19275388824884793 0.3983775951557093 0.17963695276497693 0.2589146842560554 0.15340293778801845 0.2571559256055363 0.15621385368663596 0.2564524221453287 0.171673099078341
7 0.25957223183391004 0.15393865207373272 0.2577302119377163 0.15720967741935485 0.2569626946366782 0.18153729838709678 0.25650227076124565 0.20647825460829494 0.3871956098615917 0.23048819124423964 0.39666717128027684 0.2059660138248848 0.39841003460207614 0.17972839861751153
7 0.4078498053633218 0.20712687211981567 0.40696615484429066 0.23344570852534563 0.5621643598615916 0.25858770161290323 0.5835361159169551 0.23965092165898616 0.5845804498269896 0.23676238479262673 0.5856246756055363 0.21311823156682028 0.41765203287197233 0.18240653801843318
7 0.23649881055363323 0.7201311923963134 0.23158509948096886 0.7420396025345622 0.23041014273356403 0.7700652361751151 0.41574232266435984 0.771061059907834 0.416276384083045 0.768642569124424 0.41777184256055366 0.7436044066820277 0.4071966911764706 0.7208424539170507
7 0.41739176038062287 0.7212190380184332 0.41739176038062287 0.7419154665898617 0.4177429714532872 0.7436693548387097 0.4180062716262976 0.748697292626728 0.4269617214532872 0.7681075748847925 0.6323142301038062 0.7657690092165899 0.633894571799308 0.763664314516129 0.6341579801038062 0.7401614343317972 0.6086087802768165 0.7214527649769585
4 0.6703878676470588 0.5497947868663594 0.7310580666089965 0.5558172523041475 0.8162226427335639 0.5630943260368664 0.8201793901384083 0.5666074308755761 0.8149036548442907 0.6832913306451612 0.8124542603806229 0.6875571716589861 0.7041145112456747 0.6858006912442396 0.6969545847750864 0.6812838421658987 0.6666194852941176 0.6667296947004608 0.6649237673010381 0.6637186059907835 0.6686920415224914 0.5520532834101383
0 0.5525987240484429 0.3231152073732719 0.5556175389273356 0.32692410714285713 0.5551408953287198 0.3309445564516129 0.5530753676470589 0.33242569124423965 0.5529165224913495 0.33411851958525346 0.5575241133217993 0.3362345910138249 0.5548230968858131 0.4086022465437788 0.5521220804498269 0.4138922811059908 0.5493424524221454 0.4146694988479263 0.5494378243944636 0.42432776497695857 0.5509645328719723 0.4261068548387097 0.5490561202422146 0.4286484735023041 0.5460980752595155 0.4310630760368664 0.25945912629757784 0.403104982718894 0.25669182525951556 0.4003091877880184 0.25516511678200693 0.3963696716589862 0.2552604887543252 0.3933197004608295 0.2553559688581315 0.3839156105990783 0.25826081314878896 0.2945877016129032 0.25666652249134947 0.2933934331797235 0.25826081314878896 0.29166834677419357 0.2607517301038062 0.2908721198156682 0.261349589100346 0.287289314516129 0.2644422577854671 0.2860871255760369
8 0.5321847967128028 0.600323732718894 0.5453786764705882 0.6012864343317972 0.5440231401384084 0.6318562788018433 0.5431194852941177 0.6342633928571428 0.5314618295847751 0.6336615783410138 0.5310100562283737 0.629689948156682
8 0.5396319204152249 0.44294959677419354 0.55185348183391 0.4446190956221198 0.5503911115916955 0.4757813940092166 0.5471528979238754 0.47745074884792627 0.5385872621107266 0.47633784562211984
8 0.6425640138408304 0.5797770737327189 0.6528928416955018 0.5810803571428571 0.6516969074394464 0.6126466013824885 0.6404981617647059 0.6125018721198157 0.6416942041522491 0.5816595622119816
8 0.2946058607266436 0.528371831797235 0.3087469723183391 0.5306736751152074 0.30639013840830454 0.5658286290322581 0.2927203719723183 0.5639454205069124