7 0.316487 0.127793 0.322640 0.113950 0.467102 0.188568 0.459897 0.215861 0.440108 0.227941 0.307614 0.162427
7 0.461963 0.214703 0.487289 0.198799 0.647364 0.284206 0.638962 0.307164 0.603924 0.309755 0.457922 0.236308
7 0.187828 0.637693 0.363700 0.679005 0.375278 0.713711 0.369093 0.737307 0.176274 0.695470 0.180636 0.669035
7 0.373654 0.681047 0.553436 0.719628 0.582688 0.753773 0.576796 0.774874 0.380765 0.737521 0.374268 0.720267 0.375196 0.713769 0.369329 0.697362
4 0.644092 0.593847 0.696914 0.608586 0.734782 0.620063 0.783038 0.649438 0.751936 0.746316 0.662408 0.726802 0.659893 0.723328 0.657220 0.724188 0.616810 0.687547
8 0.614833 0.625318 0.170878 0.030464
8 0.510157 0.618426 0.172857 0.034422
8 0.547911 0.484550 0.172868 0.033205
8 0.286004 0.498294 0.175062 0.040200
5 0.586065 0.322820 0.591894 0.322077 0.604495 0.329289 0.612467 0.331161 0.621269 0.331789 0.628423 0.334049 0.637386 0.344418 0.639219 0.350812 0.640270 0.355021 0.640716 0.362699 0.638603 0.372800 0.633595 0.381986 0.627896 0.388585 0.619987 0.391255 0.612094 0.389838 0.606931 0.394883 0.601934 0.394381 0.598785 0.396186 0.583563 0.386854 0.585477 0.381644 0.587990 0.379423 0.591030 0.373276 0.588067 0.371048 0.581528 0.367690 0.573094 0.362226
5 0.640225 0.343172 0.654868 0.352041 0.665818 0.352055 0.672677 0.354007 0.679624 0.358786 0.683230 0.363802 0.685782 0.367838 0.687873 0.377113 0.687583 0.382406 0.687006 0.389761 0.682052 0.401118 0.676865 0.407878 0.669251 0.410857 0.662434 0.411934 0.654246 0.410208 0.651243 0.413782 0.641227 0.411264 0.630770 0.406668 0.628626 0.404052 0.622630 0.392682 0.626085 0.390328 0.631635 0.385189 0.637744 0.376782 0.639741 0.368799 0.641385 0.361565 0.641130 0.355454 0.639647 0.351540 0.637369 0.346298 0.637826 0.344288
1 0.267434 0.164048 0.296801 0.146482 0.301987 0.130891 0.311841 0.126897 0.317121 0.128566 0.323055 0.114503 0.467628 0.189253 0.464639 0.200800 0.476276 0.206630 0.485111 0.199084 0.646685 0.284158 0.645224 0.290588 0.769676 0.354608 0.764964 0.372932 0.789679 0.385479 0.814451 0.388136 0.830832 0.397188 0.808499 0.472990 0.752943 0.460391 0.741759 0.455781 0.697313 0.606376 0.735500 0.619087 0.782971 0.649591 0.784899 0.652353 0.783055 0.655647 0.781260 0.655511 0.751733 0.746803 0.661517 0.726053 0.650937 0.767792 0.643056 0.765518 0.641540 0.769777 0.604077 0.762033 0.603400 0.758588 0.580983 0.752798 0.582570 0.755453 0.576857 0.774969 0.379727 0.737543 0.373850 0.720827 0.368266 0.737368 0.176450 0.697082 0.175818 0.693436 0.181094 0.668614 0.176511 0.663074 0.171828 0.655564 0.198655 0.543941 0.182901 0.512044 0.246064 0.248563
