4 0.320847 0.865663 0.300746 0.870231 0.292006 0.864191 0.265042 0.660754 0.425596 0.630064 0.436882 0.634187 0.464763 0.649254 0.503594 0.830375 0.482715 0.839133 0.476413 0.844132
8 0.400728 0.623100 0.046152 0.176750
8 0.347324 0.488240 0.040494 0.174613
8 0.516668 0.451473 0.043247 0.174782
8 0.363245 0.247646 0.036389 0.174435
7 0.222749 0.616358 0.169212 0.594184 0.159047 0.358655 0.184170 0.352946 0.225613 0.388424 0.241538 0.553966 0.226361 0.547794 0.222340 0.551514 0.223522 0.555254 0.242997 0.566061 0.244575 0.578530 0.230075 0.573006 0.224581 0.575056 0.222441 0.578749 0.226504 0.582636 0.244389 0.591399 0.245407 0.603594 0.231294 0.600789 0.226682 0.602639 0.226100 0.606779 0.232958 0.612036
7 0.154667 0.204888 0.175733 0.199846 0.212476 0.242407 0.224406 0.379160 0.219467 0.382720 0.185008 0.353451 0.165871 0.357529 0.156665 0.349601 0.153699 0.204853 0.154294 0.204718
7 0.633174 0.084305 0.658994 0.078656 0.706552 0.179690 0.705844 0.196641 0.689743 0.199216 0.684303 0.237553 0.677113 0.237020 0.634375 0.145181 0.633089 0.084542 0.633387 0.084475 0.635333 0.084574 0.633148 0.083717
7 0.794683 0.365456 0.781187 0.408602 0.752697 0.412368 0.682331 0.240151 0.689856 0.200329 0.714650 0.194966
5 0.684374 0.465347 0.697588 0.454589 0.711551 0.452043 0.729075 0.450253 0.745507 0.454351 0.757652 0.464748 0.764908 0.477196 0.765611 0.486435 0.767003 0.495516 0.773794 0.519348 0.770357 0.524828 0.708104 0.539289 0.685692 0.530285 0.670335 0.493363 0.676361 0.483222
5 0.658286 0.392998 0.672998 0.386980 0.689691 0.382559 0.703040 0.383912 0.719656 0.388594 0.732238 0.399205 0.734099 0.414446 0.733727 0.426122 0.738639 0.438163 0.741299 0.450089 0.734318 0.451362 0.720213 0.451122 0.712148 0.450135 0.700025 0.453830 0.691992 0.458788 0.682011 0.465755 0.679237 0.469832 0.658044 0.461177 0.647499 0.431307 0.647787 0.424036 0.650400 0.420623 0.658673 0.393054
1 0.745786 0.705011 0.487853 0.754490 0.503570 0.831116 0.476298 0.842952 0.466057 0.845593 0.300492 0.870060 0.288883 0.864867 0.282264 0.788993 0.235319 0.794649 0.231160 0.794341 0.227892 0.760624 0.218819 0.761120 0.211937 0.693764 0.219859 0.691963 0.212985 0.612947 0.168692 0.595445 0.161598 0.444451 0.158221 0.358978 0.166488 0.357099 0.156484 0.349974 0.154069 0.205609 0.175677 0.200386 0.211599 0.240466 0.295688 0.219164 0.314905 0.198193 0.364734 0.185303 0.365987 0.178753 0.365039 0.174583 0.360329 0.159676 0.361338 0.158194 0.358123 0.144514 0.362509 0.143204 0.376935 0.172506 0.386537 0.172516 0.390560 0.174735 0.390528 0.168790 0.385037 0.153748 0.386071 0.153513 0.382302 0.138079 0.387150 0.138231 0.394547 0.153466 0.401920 0.167454 0.408607 0.168754 0.412950 0.169647 0.414480 0.163973 0.408553 0.148717 0.409561 0.147235 0.406354 0.138252 0.407153 0.134938 0.410136 0.132694 0.416553 0.137814 0.424906 0.161917 0.433130 0.162241 0.438305 0.165764 0.443152 0.165916 0.459803 0.163698 0.462846 0.155802 0.467693 0.155953 0.470800 0.159946 0.500859 0.152374 0.516931 0.147155 0.547268 0.141514 0.553848 0.133127 0.562559 0.136159 0.582285 0.131990 0.614184 0.126620 0.634177 0.131475 0.635137 0.084266 0.658653 0.079236 0.705305 0.180158 0.706225 0.195926 0.714240 0.194418 0.795233 0.366790 0.788810 0.387359 0.846227 0.516511 0.907942 0.662773 0.905932 0.670435 0.901547 0.671745 0.905845 0.687685 0.903625 0.693515 0.774061 0.720453 0.752016 0.725462 0.746493 0.704475
