1 0.512963 0.270027 0.704973 0.326226 0.704767 0.327134 0.721058 0.332476 0.721108 0.334439 0.699744 0.416094 0.693200 0.434411 0.691811 0.434857 0.678726 0.430597 0.633270 0.598535 0.684311 0.619270 0.687100 0.621955 0.655405 0.735996 0.651383 0.738734 0.600218 0.715555 0.583197 0.775493 0.580583 0.777273 0.559853 0.767517 0.557970 0.768325 0.514227 0.746889 0.513035 0.743907 0.457663 0.717595 0.447376 0.723965 0.442730 0.722853 0.440055 0.721551 0.271602 0.641583 0.272454 0.638307 0.262157 0.640624 0.256303 0.636622 0.144219 0.579792 0.143816 0.577781 0.148980 0.561006 0.151313 0.561019 0.179853 0.563079 0.199218 0.493550 0.192007 0.470112 0.204579 0.424524 0.202710 0.420311 0.203761 0.417309 0.185766 0.408870 0.185561 0.407066 0.186833 0.404715 0.189938 0.405116 0.205281 0.411702 0.206332 0.408701 0.209713 0.407885 0.210663 0.405866 0.208419 0.401679 0.209218 0.398163 0.192102 0.390727 0.191164 0.387822 0.192718 0.385849 0.194668 0.386465 0.206318 0.391450 0.211487 0.392504 0.211741 0.390845 0.215139 0.388875 0.216056 0.387002 0.214011 0.383022 0.214902 0.379101 0.199391 0.372172 0.198322 0.370385 0.199519 0.367284 0.203960 0.368833 0.211054 0.372233 0.214472 0.372878 0.216743 0.373161 0.218007 0.371386 0.220356 0.370245 0.229857 0.338173 0.227750 0.334464 0.227484 0.332931 0.224115 0.328823 0.229502 0.310530 0.233288 0.309553 0.236390 0.298069 0.234412 0.295415 0.239570 0.277042 0.247644 0.278294 0.260009 0.235243 0.276134 0.223242 0.256278 0.201896 0.261940 0.184555 0.355022 0.210919 0.364225 0.223971 0.365890 0.224790 0.369005 0.214325 0.506742 0.255667
4 0.553510 0.569398 0.556101 0.568565 0.571039 0.573284 0.686088 0.620959 0.687168 0.624132 0.657073 0.731902 0.654629 0.735614 0.651177 0.737591 0.523051 0.679649 0.523155 0.675671
8 0.527994 0.584289 0.539931 0.589315 0.532494 0.616016 0.520661 0.611201
8 0.422092 0.564228 0.433795 0.568979 0.427397 0.593201 0.424198 0.594298 0.414503 0.589759
8 0.456875 0.442289 0.466984 0.445847 0.468257 0.447949 0.461691 0.470040 0.460248 0.471406 0.450044 0.467818
8 0.252182 0.447355 0.261642 0.451876 0.254122 0.475984 0.244974 0.470905
0 0.256032 0.273765 0.252496 0.277606 0.247977 0.278988 0.239885 0.277588 0.233909 0.295863 0.236165 0.298889 0.233145 0.310330 0.229018 0.311836 0.224143 0.328971 0.227347 0.334611 0.231702 0.340118 0.238432 0.342575 0.237399 0.345885 0.232239 0.343924 0.234090 0.349962 0.459741 0.430839 0.467207 0.404771 0.465159 0.403298 0.471506 0.379687 0.473878 0.379114 0.480678 0.355977 0.473582 0.344645 0.471473 0.342822
7 0.262066 0.184087 0.256319 0.201561 0.286299 0.230920 0.371739 0.257316 0.374440 0.247104 0.363289 0.233113 0.365523 0.224398 0.354813 0.210697
7 0.368868 0.214588 0.363648 0.232973 0.385366 0.261711 0.513197 0.301483 0.518754 0.283451 0.507250 0.256095
7 0.470208 0.693852 0.464823 0.713934 0.446561 0.723652 0.443821 0.723451 0.271657 0.641575 0.277405 0.621435 0.306596 0.620633 0.468934 0.693154
7 0.272422 0.638261 0.262270 0.640429 0.144363 0.579936 0.143893 0.577483 0.148970 0.561021 0.185936 0.563859 0.216707 0.578631 0.301172 0.617109 0.300478 0.620164 0.277500 0.621270
