9 0.553492 0.520001 0.007398 0.287636
9 0.402349 0.349515 0.007611 0.288518
9 0.649960 0.413589 0.013478 0.285961
0 0.507828 0.575897 0.893274 0.446007 0.896339 0.450271 0.898354 0.469393 0.920921 0.580662 0.532877 0.710900 0.504305 0.581827 0.504902 0.579651
8 0.488441 0.545707 0.032796 0.321669
8 0.788089 0.298821 0.033663 0.320713
8 0.441218 0.338147 0.032860 0.317018
8 0.287448 0.428620 0.033059 0.315486
5 0.477330 0.711677 0.517222 0.698491 0.536094 0.714020 0.552963 0.784299 0.482351 0.803679 0.463790 0.737918
5 0.398869 0.735521 0.432701 0.726429 0.462446 0.740343 0.474657 0.808862 0.404617 0.833332 0.399767 0.808552 0.393700 0.795385 0.390262 0.782011 0.388318 0.768142 0.388076 0.759648
7 0.544509 0.809348 0.750877 0.740787 0.763400 0.759074 0.768722 0.790955 0.544064 0.863890 0.531324 0.829845
7 0.781464 0.727212 0.941396 0.673691 0.959698 0.684132 0.968679 0.718101 0.793789 0.776567 0.779271 0.758939 0.775979 0.729025
7 0.584128 0.087547 0.818650 0.010812 0.825905 0.046670 0.807306 0.069307 0.590894 0.140837 0.581922 0.116759
7 0.280623 0.191159 0.568996 0.094157 0.575619 0.129566 0.575640 0.149346 0.299961 0.245742 0.283377 0.223521
4 0.029338 0.393707 0.206833 0.338622 0.231787 0.350161 0.268369 0.506267 0.069835 0.566611 0.066237 0.559886
1 0.100977 0.260335 0.276099 0.200474 0.274993 0.192923 0.568695 0.095847 0.579969 0.096079 0.584981 0.087167 0.819587 0.010943 0.854257 0.182851 0.886006 0.205996 0.979460 0.648523 0.962173 0.684579 0.969124 0.716581 0.959455 0.723734 0.770504 0.788825 0.767921 0.796619 0.545018 0.865333 0.521814 0.871683 0.266297 0.958117 0.255480 0.918159 0.249594 0.918126 0.247075 0.926214 0.209944 0.939805 0.182710 0.816888 0.207230 0.796911 0.225716 0.793438 0.168244 0.538701 0.068221 0.565390 0.064561 0.563302 0.028199 0.395909 0.125169 0.362540
