4 0.356916 0.318615 0.200887 0.282143 0.226335 0.188512 0.370641 0.222951 0.382556 0.232273
8 0.525360 0.287045 0.538925 0.290410 0.531535 0.313795 0.518546 0.311330
8 0.491421 0.398750 0.504671 0.402292 0.497462 0.426082 0.483489 0.422384
8 0.773431 0.383688 0.788584 0.387317 0.780314 0.411484 0.765764 0.408447
8 0.390921 0.277239 0.404290 0.280224 0.397055 0.304349 0.383430 0.301254
0 0.494049 0.435836 0.803292 0.502507 0.779575 0.572880 0.473267 0.502535
7 0.461030 0.176100 0.455507 0.195394 0.460124 0.206742 0.682712 0.256200 0.688444 0.246368 0.693719 0.228637
7 0.703396 0.229426 0.690675 0.253846 0.869664 0.295903 0.883431 0.291793 0.889751 0.271796
7 0.768011 0.654702 0.773778 0.635414 0.763912 0.625100 0.631577 0.595311 0.623837 0.609420 0.627835 0.624803
7 0.428406 0.580454 0.433834 0.561718 0.436133 0.554445 0.614718 0.593628 0.615071 0.602894 0.608549 0.621455
5 0.376066 0.473319 0.395738 0.478376 0.402887 0.482093 0.409875 0.490218 0.412873 0.499268 0.407763 0.516413 0.401467 0.531458 0.346512 0.520018 0.348446 0.509997 0.349131 0.501000 0.355904 0.487370 0.361668 0.480834 0.368290 0.478416
5 0.421622 0.488897 0.436138 0.488077 0.439112 0.487446 0.441671 0.482274 0.452236 0.484936 0.458276 0.486308 0.457863 0.492491 0.464801 0.495897 0.467630 0.502555 0.471602 0.513395 0.467418 0.527612 0.461620 0.543032 0.444321 0.541194 0.405150 0.531510 0.419002 0.492553
1 0.217021 0.510686 0.211447 0.509224 0.203338 0.511727 0.177537 0.503072 0.201132 0.437666 0.222578 0.436952 0.237572 0.441600 0.278112 0.301739 0.199899 0.281797 0.200906 0.278611 0.225163 0.190275 0.227443 0.187689 0.304247 0.205139 0.320727 0.148360 0.461206 0.179656 0.461805 0.175447 0.692990 0.227582 0.696671 0.232143 0.701699 0.233595 0.703572 0.229986 0.887033 0.271668 0.889988 0.273891 0.884339 0.290610 0.860071 0.363932 0.873763 0.386597 0.820355 0.555605 0.798445 0.623781 0.772472 0.636504 0.767939 0.653165 0.627136 0.625210 0.605539 0.620614 0.386823 0.570611 0.210603 0.532126
