1 0.689971 0.419738 0.692966 0.408574 0.585437 0.354672 0.588024 0.344818 0.466297 0.279009 0.456931 0.287542 0.449210 0.283735 0.452016 0.271898 0.346372 0.214988 0.345187 0.216118 0.340467 0.228718 0.336997 0.226117 0.334304 0.226224 0.330432 0.228968 0.328771 0.229127 0.325258 0.241014 0.303129 0.252630 0.226514 0.512161 0.237786 0.537612 0.212587 0.632669 0.218856 0.644910 0.218206 0.652366 0.371673 0.696473 0.374173 0.687003 0.380776 0.696750 0.542636 0.740636 0.544489 0.736570 0.544945 0.735072 0.568518 0.742109 0.578903 0.745938 0.580540 0.747412 0.601133 0.752277 0.602722 0.751411 0.607630 0.752277 0.620303 0.702651 0.689327 0.723638 0.691597 0.720798 0.712029 0.641610 0.708863 0.638694 0.707276 0.637508 0.641891 0.612747 0.673561 0.487173 0.685013 0.492433 0.723268 0.494122 0.724244 0.492378 0.738143 0.434794 0.736730 0.432842 0.724470 0.427054 0.722600 0.426600 0.705777 0.428125
4 0.598385 0.597200 0.597201 0.598889 0.578164 0.677127 0.579358 0.680174 0.609944 0.699479 0.689691 0.723339 0.691642 0.720840 0.711682 0.642623 0.708446 0.638040
8 0.572297 0.611658 0.580564 0.614539 0.575104 0.636549 0.567002 0.633450
8 0.514875 0.491342 0.523930 0.495926 0.517956 0.517533 0.509108 0.513798
8 0.307198 0.490965 0.318469 0.495928 0.310665 0.521299 0.299247 0.515489
7 0.546644 0.722124 0.547015 0.723557 0.542789 0.740314 0.380406 0.696303 0.374373 0.686468 0.377230 0.676321 0.373568 0.668665 0.374775 0.661898 0.526280 0.704954
7 0.368090 0.661020 0.376689 0.676590 0.371424 0.696790 0.218082 0.652055 0.220596 0.634563 0.225054 0.617420 0.227174 0.616500 0.367308 0.659051
7 0.346495 0.215220 0.345128 0.216281 0.339422 0.230242 0.332956 0.251263 0.334433 0.254053 0.430980 0.304799 0.446353 0.290408 0.451826 0.271894
7 0.449230 0.294202 0.444375 0.311330 0.559934 0.369400 0.583157 0.361354 0.587851 0.344932 0.466634 0.279273
0 0.325184 0.308877 0.322912 0.309725 0.322458 0.311725 0.319857 0.310903 0.318281 0.311977 0.319478 0.313641 0.300195 0.385695 0.299886 0.393455 0.515943 0.482436 0.526971 0.483491 0.528534 0.481413 0.526824 0.479873 0.528458 0.474818 0.530254 0.472242 0.533028 0.472833 0.536311 0.469584 0.548624 0.420755 0.545836 0.419159 0.543862 0.418250 0.544956 0.417167 0.546585 0.416396 0.546874 0.414059 0.545647 0.412528 0.545641 0.410955
