9 0.570299 0.425378 0.012975 0.274373
9 0.442395 0.423652 0.011282 0.273190
9 0.297758 0.463530 0.012286 0.275076
9 0.741864 0.333079 0.012670 0.273606
8 0.784282 0.320738 0.030525 0.308840
8 0.446462 0.334418 0.030195 0.311733
8 0.482725 0.533900 0.031375 0.308152
8 0.290599 0.409537 0.029762 0.310559
4 0.035276 0.357423 0.220447 0.314603 0.239359 0.327136 0.266754 0.479911 0.259819 0.484226 0.237615 0.489335 0.065777 0.529990 0.060265 0.526799 0.032668 0.365386
7 0.298337 0.178107 0.594998 0.103765 0.598709 0.139036 0.589702 0.161843 0.310463 0.233503 0.302048 0.212601
7 0.606714 0.098568 0.841222 0.041851 0.845872 0.075162 0.815535 0.102379 0.600041 0.155081 0.596512 0.150006 0.600747 0.136618 0.596157 0.119037
7 0.759245 0.729618 0.920216 0.687163 0.957324 0.701272 0.962848 0.733884 0.789525 0.783308 0.759596 0.753615
7 0.519874 0.794577 0.736774 0.738934 0.754991 0.759152 0.762631 0.793567 0.528376 0.856066 0.519267 0.825856 0.515609 0.800100
0 0.504143 0.564098 0.888154 0.465130 0.890768 0.473817 0.892056 0.479617 0.897421 0.483684 0.901363 0.495257 0.916062 0.580024 0.912352 0.584954 0.911811 0.597977 0.908866 0.600172 0.525790 0.701685 0.519441 0.696278 0.520098 0.691506 0.499743 0.570440
5 0.389514 0.712497 0.426667 0.702843 0.447164 0.719424 0.456868 0.786326 0.440452 0.791222 0.433454 0.796800 0.418364 0.804582 0.405424 0.805036 0.400317 0.802129 0.387337 0.805498 0.382953 0.779563 0.380190 0.771753 0.379644 0.761568 0.380129 0.756024 0.375157 0.739811
5 0.466631 0.690011 0.505313 0.678744 0.518439 0.691492 0.522358 0.701414 0.524880 0.703500 0.526495 0.715411 0.531226 0.725900 0.532044 0.732680 0.532120 0.743846 0.533392 0.754210 0.534554 0.762538 0.520488 0.768745 0.510952 0.776802 0.503290 0.780938 0.494941 0.781980 0.484711 0.780730 0.464406 0.783567 0.451226 0.721104
1 0.120836 0.234529 0.145755 0.228900 0.146033 0.225042 0.214781 0.207603 0.215878 0.209989 0.299608 0.189761 0.297125 0.178574 0.593557 0.103943 0.595350 0.113297 0.599991 0.112481 0.607159 0.097488 0.841823 0.041805 0.846626 0.076221 0.829273 0.090055 0.851613 0.213689 0.881682 0.237965 0.896809 0.331665 0.906886 0.329777 0.909363 0.335827 0.899906 0.339228 0.903924 0.364991 0.912993 0.362400 0.913147 0.373313 0.904200 0.375179 0.910154 0.396890 0.916913 0.395389 0.919500 0.404487 0.910042 0.407888 0.956654 0.661300 0.938440 0.694253 0.957545 0.701092 0.962136 0.734548 0.788612 0.783474 0.780009 0.776665 0.762593 0.781270 0.763895 0.793524 0.528864 0.857204 0.524013 0.843015 0.243789 0.920284 0.238211 0.887489 0.230800 0.889886 0.223917 0.906158 0.187316 0.912513 0.169178 0.789918 0.193679 0.759728 0.213974 0.756590 0.168722 0.505466 0.064748 0.530185 0.059521 0.527080 0.032592 0.364890 0.035724 0.355998 0.136432 0.333020 0.118188 0.235505
