9 0.551858 0.544971 0.158421 0.013654
9 0.563127 0.357214 0.158971 0.013476
0 0.477304 0.568150 0.858030 0.692802 0.853585 0.750813 0.832878 0.829071 0.443906 0.701422 0.470021 0.570960
8 0.830326 0.505872 0.169744 0.058049
8 0.472415 0.530519 0.169502 0.055757
8 0.514830 0.324982 0.172288 0.056562
8 0.344927 0.307587 0.170371 0.053433
7 0.404310 0.793257 0.622318 0.864850 0.622203 0.885860 0.615020 0.915514 0.388669 0.837953 0.393776 0.807613 0.399326 0.795721
7 0.648521 0.863686 0.805606 0.915366 0.823428 0.945964 0.816887 0.979490 0.642927 0.920162 0.632580 0.889290
5 0.325197 0.640369 0.361737 0.659622 0.370582 0.686011 0.354541 0.751109 0.285194 0.728970 0.288206 0.715104 0.286372 0.697289 0.293738 0.669217 0.296548 0.659195 0.309497 0.646266
5 0.397145 0.665849 0.434400 0.678163 0.441904 0.704892 0.430116 0.773742 0.361131 0.747029 0.370179 0.693701
7 0.435059 0.098134 0.722740 0.191805 0.717337 0.228348 0.708052 0.244834 0.428144 0.156229 0.422298 0.127701
7 0.736698 0.193925 0.974944 0.272999 0.961652 0.310847 0.951745 0.318523 0.724468 0.247313 0.724651 0.223125
4 0.132765 0.118423 0.317178 0.181262 0.331273 0.203911 0.292140 0.360718 0.128222 0.304192 0.095741 0.290327 0.097168 0.283759
1 0.231387 0.150230 0.252134 0.045365 0.428720 0.100389 0.432603 0.094986 0.721839 0.192592 0.722912 0.197627 0.732750 0.202217 0.737410 0.195733 0.972546 0.275457 0.965328 0.311184 0.935082 0.442939 0.953482 0.480447 0.858286 0.921189 0.820196 0.949387 0.815812 0.982038 0.643849 0.923194 0.612608 0.914873 0.365253 0.836460 0.112551 0.755610 0.117858 0.711227 0.112938 0.708932 0.101067 0.713701 0.071280 0.701182 0.097741 0.576867 0.130276 0.574248 0.143345 0.583917 0.197118 0.326385 0.098648 0.295844 0.097549 0.283446 0.132449 0.117790
