1 0.241538 0.324629 0.237641 0.328703 0.240330 0.342304 0.225940 0.366514 0.273619 0.643721 0.295104 0.656851 0.312375 0.751270 0.315743 0.755332 0.318718 0.754072 0.320339 0.769577 0.475063 0.722297 0.473799 0.709561 0.476773 0.708301 0.483967 0.717241 0.655397 0.660393 0.653982 0.651405 0.683096 0.643502 0.686523 0.644084 0.721764 0.632765 0.722690 0.630623 0.727696 0.628486 0.719112 0.578288 0.791249 0.556052 0.792553 0.552125 0.777663 0.464507 0.774068 0.462497 0.701277 0.480500 0.675769 0.339259 0.690401 0.336671 0.724413 0.316490 0.712728 0.249882 0.710607 0.248146 0.693809 0.250864 0.679489 0.262418 0.661412 0.265724 0.659670 0.251844 0.525197 0.274530 0.523275 0.266072 0.378338 0.287628 0.375489 0.299258 0.364253 0.300217 0.361764 0.290644 0.241287 0.307986 0.240294 0.310520 0.242297 0.322097
7 0.241924 0.308208 0.240939 0.311103 0.244374 0.329232 0.248168 0.347733 0.360972 0.331057 0.364749 0.310496 0.361806 0.290703
7 0.374252 0.308411 0.377924 0.328038 0.511315 0.305753 0.525933 0.286178 0.526318 0.283774 0.523228 0.266076 0.378271 0.287616
7 0.317537 0.731511 0.317116 0.748948 0.320831 0.769909 0.475261 0.721906 0.475300 0.719983 0.472352 0.701139 0.459738 0.687146
7 0.468287 0.684743 0.471753 0.699994 0.472339 0.701194 0.473400 0.704830 0.484105 0.716779 0.654640 0.661054 0.655603 0.659088 0.651886 0.641699 0.627487 0.634631
4 0.650163 0.491887 0.701671 0.480371 0.773777 0.463338 0.777659 0.464886 0.792808 0.552259 0.791484 0.556047 0.701012 0.583243 0.694296 0.581797 0.666609 0.579049 0.664693 0.577276 0.649130 0.493998
0 0.514159 0.355819 0.517310 0.357832 0.517586 0.360920 0.516115 0.362555 0.516266 0.363844 0.520456 0.364192 0.530327 0.418231 0.528964 0.422839 0.526781 0.424143 0.528478 0.431235 0.530046 0.432145 0.528883 0.434520 0.526826 0.437077 0.283557 0.491852 0.280785 0.490519 0.278855 0.488018 0.278423 0.485745 0.276928 0.478790 0.264387 0.412199 0.262860 0.411738 0.263898 0.410048 0.265838 0.408806 0.265735 0.406009 0.268108 0.404309
8 0.543590 0.565466 0.554733 0.562706 0.558724 0.585590 0.558375 0.587601 0.548571 0.590224 0.547530 0.587416
8 0.523434 0.447537 0.533886 0.445553 0.537888 0.468902 0.535472 0.470983 0.528156 0.472416
8 0.632024 0.521299 0.640840 0.519543 0.645131 0.543119 0.635785 0.545957 0.631616 0.522915
8 0.333790 0.574920 0.345946 0.572898 0.349871 0.599424 0.338177 0.601631
