4 0.241159 0.165951 0.244872 0.165178 0.369957 0.208311 0.372566 0.211360 0.375456 0.283731 0.341421 0.365012 0.336667 0.365178 0.215456 0.321600 0.192122 0.253058 0.194170 0.245086
7 0.459127 0.194216 0.452473 0.209587 0.449949 0.237211 0.451701 0.231242 0.454285 0.228564 0.455994 0.228871 0.455941 0.232581 0.454572 0.260338 0.460337 0.261926 0.462404 0.259784 0.464295 0.250597 0.466619 0.249933 0.468143 0.250182 0.471133 0.235284 0.474343 0.234202 0.475752 0.239306 0.473992 0.265309 0.479986 0.270231 0.480717 0.277451 0.639276 0.332671 0.658937 0.285299 0.662655 0.268069
7 0.672848 0.270624 0.650524 0.321985 0.646594 0.338147 0.799178 0.395282 0.832941 0.349502 0.833310 0.332064
7 0.609965 0.772514 0.636306 0.756306 0.798926 0.815698 0.796652 0.846553 0.754133 0.853278 0.608092 0.798882
7 0.611371 0.746780 0.612615 0.749572 0.606218 0.776343 0.585867 0.791507 0.383286 0.715878 0.383745 0.686308 0.392468 0.661010
1 0.349185 0.200301 0.353533 0.198108 0.398001 0.215399 0.398179 0.225506 0.429205 0.236605 0.431510 0.224040 0.432711 0.221177 0.436165 0.222917 0.436861 0.228325 0.436627 0.240247 0.449336 0.243614 0.452843 0.210029 0.458539 0.194645 0.662460 0.267500 0.659224 0.286580 0.645523 0.316620 0.651561 0.317879 0.672654 0.271045 0.833382 0.332200 0.833399 0.349065 0.807229 0.386010 0.805503 0.421339 0.802292 0.467985 0.819815 0.496071 0.816920 0.526947 0.830183 0.515773 0.833738 0.516256 0.835240 0.518010 0.834966 0.521605 0.833401 0.524311 0.817161 0.539027 0.816358 0.548536 0.828522 0.538615 0.833275 0.539796 0.833795 0.543482 0.831409 0.548010 0.815560 0.562202 0.814460 0.572417 0.825490 0.563899 0.829688 0.563944 0.831551 0.567094 0.829866 0.571523 0.813373 0.586158 0.795485 0.813718 0.799205 0.814893 0.797051 0.845819 0.769848 0.850831 0.767775 0.860696 0.751412 0.871209 0.134202 0.638962 0.133406 0.631583 0.147907 0.594372 0.129817 0.586181 0.089878 0.534659 0.090346 0.529732 0.135611 0.441322 0.138560 0.439483 0.165355 0.449653 0.177140 0.475758 0.199292 0.483884 0.263410 0.342205 0.261766 0.337973 0.215291 0.321754 0.191795 0.249015 0.194293 0.244247 0.241884 0.165539 0.245587 0.165727
0 0.472025 0.496959 0.463159 0.512334 0.440811 0.594228 0.439323 0.614138 0.759318 0.732310 0.779209 0.722897 0.784852 0.718621 0.783591 0.714917 0.780976 0.714091 0.782249 0.705405 0.787702 0.702997 0.788838 0.700051 0.794111 0.702543 0.800152 0.693436 0.802882 0.667033 0.799193 0.664766 0.802233 0.647275 0.804390 0.641898 0.806435 0.617482
8 0.734620 0.483138 0.748678 0.488813 0.744137 0.514933 0.740598 0.516694 0.729295 0.512712 0.732946 0.485899
8 0.503495 0.351424 0.515101 0.356770 0.513632 0.363235 0.506976 0.382338 0.494860 0.377670 0.501288 0.354086
8 0.464937 0.474329 0.477664 0.479014 0.473163 0.496342 0.465621 0.507234 0.456878 0.502979
8 0.378573 0.325779 0.390994 0.331166 0.391385 0.335515 0.382684 0.356819 0.368770 0.351935 0.368414 0.347435
