1 0.300429 0.303688 0.360621 0.292461 0.372916 0.276638 0.419470 0.268373 0.418688 0.264886 0.420070 0.262672 0.421564 0.262332 0.422875 0.265971 0.423993 0.267482 0.435320 0.265316 0.434925 0.260520 0.437185 0.259056 0.439258 0.259536 0.441166 0.263039 0.441706 0.264319 0.453300 0.262243 0.452365 0.259807 0.452786 0.256715 0.455562 0.255876 0.456546 0.256907 0.457450 0.259767 0.457652 0.261185 0.585902 0.238261 0.602393 0.248035 0.606273 0.237677 0.622266 0.234950 0.622881 0.235856 0.646712 0.324240 0.642960 0.329274 0.645586 0.338364 0.652092 0.337095 0.652523 0.338461 0.652609 0.340811 0.683340 0.457523 0.682539 0.458890 0.680640 0.458345 0.679153 0.459101 0.677388 0.459502 0.715765 0.603258 0.714902 0.604430 0.699681 0.607259 0.700475 0.611330 0.708460 0.614743 0.712561 0.631093 0.712042 0.633093 0.710457 0.633801 0.651956 0.642766 0.649873 0.642682 0.647631 0.641309 0.635989 0.631271 0.635301 0.629615 0.633123 0.619866 0.506178 0.643534 0.519361 0.694829 0.519308 0.696353 0.518688 0.697779 0.515992 0.698845 0.436398 0.713745 0.434215 0.713334 0.432758 0.711547 0.420452 0.660203 0.373540 0.669571 0.371540 0.668891 0.368580 0.655575 0.367668 0.654950 0.366753 0.655158 0.363584 0.644007 0.364455 0.643657 0.360851 0.630563 0.359973 0.630119 0.357448 0.619863 0.359386 0.618981 0.348829 0.576516 0.343456 0.577460 0.305804 0.424957 0.310365 0.423921 0.309847 0.421663 0.303832 0.418719 0.275180 0.297985 0.275612 0.296672 0.276630 0.296386 0.277446 0.296697 0.277747 0.297237 0.291732 0.294668 0.299898 0.304416
7 0.275220 0.297700 0.275856 0.296617 0.277145 0.296158 0.277742 0.297017 0.277775 0.297120 0.291992 0.294665 0.304961 0.310946 0.332079 0.422084 0.327109 0.424096 0.322405 0.421795 0.313102 0.423299 0.303860 0.418603
7 0.334708 0.427523 0.322474 0.421743 0.305855 0.424906 0.343498 0.577219 0.344322 0.577381 0.360412 0.573684 0.369679 0.570191
7 0.598813 0.255750 0.606490 0.237680 0.622272 0.235092 0.622970 0.236061 0.646607 0.324203 0.634837 0.338490 0.621749 0.340931 0.621085 0.339821
7 0.624780 0.352255 0.634372 0.340985 0.652096 0.337358 0.652721 0.338344 0.652539 0.340244 0.683248 0.457440 0.682631 0.458709 0.680443 0.458475 0.678017 0.459225 0.666970 0.460938 0.654863 0.464749 0.654190 0.464106
0 0.498486 0.266718 0.513237 0.264230 0.514003 0.265149 0.527294 0.262763 0.528800 0.261732 0.529428 0.261359 0.543031 0.258672 0.544785 0.259711 0.545145 0.261067 0.547100 0.261026 0.548598 0.260398 0.549981 0.259624 0.554467 0.261365 0.605762 0.458815 0.605287 0.460533 0.603887 0.461254 0.604039 0.461737 0.602744 0.462146 0.600612 0.462055 0.599485 0.462138 0.540050 0.472876 0.538790 0.471034 0.536772 0.468732 0.487120 0.273900 0.487477 0.272669 0.488143 0.271770 0.488947 0.270667 0.491075 0.270529 0.492005 0.271755 0.493264 0.271872 0.494340 0.271628 0.495375 0.269322 0.496525 0.267163
8 0.402775 0.323867 0.404758 0.332010 0.407426 0.333768 0.425726 0.330184 0.425765 0.328170 0.423646 0.320130 0.422494 0.319962 0.403773 0.323283
8 0.509873 0.479489 0.512036 0.487735 0.513530 0.488525 0.532318 0.484710 0.532670 0.483576 0.530536 0.475701 0.528334 0.474920 0.510618 0.478190
8 0.409240 0.497661 0.411782 0.505917 0.413664 0.506884 0.431841 0.503221 0.432709 0.501629 0.429967 0.492954 0.409627 0.496934
8 0.447335 0.577867 0.449907 0.586462 0.451197 0.587093 0.470170 0.583647 0.470349 0.582374 0.468374 0.573828 0.465534 0.574041 0.448867 0.576964
5 0.600206 0.490738 0.613954 0.497616 0.644179 0.491830 0.646664 0.490496 0.644386 0.481855 0.645579 0.478736 0.645826 0.476188 0.646157 0.473833 0.645776 0.472059 0.644642 0.468897 0.643867 0.467439 0.642194 0.465692 0.641216 0.464014 0.640168 0.463112 0.639529 0.462650 0.637639 0.455822 0.635212 0.455234 0.627358 0.456904 0.625442 0.456655 0.624318 0.456644 0.622095 0.456845 0.619936 0.457107 0.617957 0.457367 0.616691 0.457616 0.614023 0.458678 0.611897 0.460035 0.609900 0.461514 0.607350 0.462283 0.602491 0.463225 0.595524 0.472790 0.599197 0.484978 0.598678 0.485905
5 0.645893 0.494920 0.647252 0.494755 0.648164 0.495314 0.648758 0.495945 0.650803 0.503805 0.652392 0.504968 0.653990 0.506589 0.655165 0.507731 0.655938 0.508993 0.656552 0.510291 0.657053 0.512305 0.657437 0.514058 0.657868 0.516922 0.657584 0.519459 0.657246 0.520858 0.656710 0.522274 0.656261 0.522893 0.656003 0.523470 0.657740 0.529717 0.657349 0.530410 0.656680 0.530763 0.643696 0.533798 0.640459 0.534504 0.637167 0.534821 0.635434 0.534811 0.633095 0.534710 0.631318 0.534884 0.624598 0.536698 0.612466 0.530194 0.611167 0.526406 0.610443 0.525190 0.609914 0.523729 0.609299 0.522431 0.608201 0.518742 0.608671 0.517974 0.606492 0.510331 0.606271 0.509203 0.616382 0.500368
4 0.419253 0.606283 0.494806 0.591993 0.519469 0.695913 0.519021 0.697277 0.518386 0.698052 0.514837 0.699030 0.436490 0.713495 0.433735 0.712916 0.432849 0.711396 0.410151 0.615407 0.418604 0.606602
2 0.640122 0.408209 0.645927 0.408147 0.650484 0.411510 0.652107 0.413295 0.653783 0.415248 0.654052 0.418777 0.654111 0.422981 0.653516 0.426796 0.654312 0.430654 0.656012 0.435025 0.656372 0.438174 0.653118 0.442951 0.652220 0.446476 0.649805 0.448550 0.649863 0.452755 0.647545 0.453461 0.642729 0.453298 0.639116 0.451247 0.634793 0.445946 0.630949 0.439819 0.629501 0.435571 0.629929 0.430896 0.628554 0.427888 0.627003 0.420971 0.628648 0.415122 0.630640 0.411709 0.630597 0.409564 0.634468 0.407070
2 0.597023 0.260480 0.601055 0.256165 0.603352 0.254387 0.607761 0.255270 0.610490 0.256535 0.611441 0.258204 0.612606 0.261888 0.614267 0.266806 0.615359 0.270597 0.614529 0.275003 0.615522 0.278816 0.616417 0.282652 0.615809 0.285751 0.614396 0.288316 0.610986 0.290257 0.611029 0.291311 0.610862 0.292598 0.609015 0.294267 0.607258 0.294667 0.605132 0.293900 0.604012 0.291655 0.601263 0.289434 0.596753 0.285530 0.594041 0.281356 0.593903 0.277292 0.591905 0.273304 0.590328 0.269460 0.592013 0.267171 0.593746 0.263584
