1 0.133850 0.378337 0.133094 0.373688 0.134558 0.369848 0.137765 0.364392 0.141720 0.361571 0.637473 0.234024 0.640261 0.237340 0.643648 0.270143 0.660506 0.266016 0.687498 0.270678 0.696921 0.359131 0.695117 0.361744 0.671486 0.367949 0.661666 0.361690 0.653859 0.363616 0.671684 0.517307 0.718862 0.506543 0.722332 0.509047 0.751033 0.537246 0.759668 0.631012 0.756387 0.636730 0.686034 0.653016 0.688085 0.671451 0.674323 0.674719 0.674122 0.683255 0.660824 0.686556 0.659848 0.688304 0.643691 0.691789 0.643090 0.689818 0.630780 0.692087 0.629653 0.685782 0.577954 0.698154 0.581689 0.714618 0.583840 0.727441 0.584566 0.728462 0.582842 0.730430 0.398127 0.776531 0.397769 0.774202 0.398203 0.773748 0.394056 0.758261 0.396548 0.741627 0.394609 0.742557 0.389581 0.779958 0.388087 0.779691 0.245806 0.811535 0.243993 0.810501 0.239416 0.794780 0.251118 0.764530 0.228162 0.691660 0.206512 0.677455 0.205652 0.675118 0.194827 0.640567 0.187688 0.650006 0.185613 0.651089 0.182787 0.650785 0.181814 0.648099 0.182087 0.645789 0.191718 0.632313 0.188800 0.620752 0.180503 0.631156 0.177994 0.631607 0.176184 0.630981 0.175445 0.628050 0.177161 0.624429 0.185768 0.611875 0.182381 0.600802 0.174177 0.610663 0.171133 0.611624 0.169665 0.609950 0.169779 0.607263 0.170445 0.605086 0.179629 0.592517 0.126382 0.414939 0.129871 0.405636 0.119472 0.407941 0.113569 0.385278
7 0.437150 0.300431 0.437997 0.302125 0.441503 0.321618 0.439775 0.331102 0.265131 0.370909 0.259511 0.347397 0.273234 0.340664
7 0.113615 0.385244 0.119714 0.408163 0.246142 0.375593 0.264035 0.366631 0.259099 0.346810 0.257576 0.346443 0.133875 0.378058
7 0.255714 0.753225 0.239517 0.794705 0.244421 0.810885 0.246122 0.811614 0.390140 0.778958 0.395518 0.735107 0.392286 0.720208
7 0.399748 0.719070 0.394128 0.758265 0.398130 0.773926 0.398087 0.775297 0.399317 0.775640 0.582653 0.730463 0.584690 0.727730 0.584132 0.726444 0.583481 0.725919 0.581229 0.712109 0.580284 0.709900 0.572215 0.679854 0.570447 0.681039 0.570537 0.682996 0.571965 0.688499 0.573074 0.694940 0.573309 0.698313 0.571645 0.699570 0.570172 0.698155 0.568955 0.694360 0.565891 0.684777 0.564581 0.681743 0.560634 0.681528 0.557733 0.680459 0.554626 0.682381 0.553730 0.685067 0.555236 0.697546 0.556029 0.702205 0.553914 0.703814 0.551757 0.702510 0.546168 0.681814 0.540492 0.684130
8 0.580524 0.564267 0.592312 0.561446 0.595670 0.587086 0.593552 0.588257 0.584443 0.590131
8 0.479147 0.609174 0.490134 0.606330 0.495251 0.630893 0.493189 0.632642 0.483165 0.635338 0.478225 0.610092
8 0.454928 0.488561 0.467029 0.485718 0.472155 0.512744 0.460140 0.515560
8 0.258445 0.618587 0.268872 0.616440 0.274935 0.640263 0.273377 0.642922 0.262473 0.645347 0.256679 0.620801
4 0.606973 0.534337 0.719275 0.506305 0.750647 0.536473 0.757398 0.631702 0.754669 0.635579 0.637510 0.664081 0.635694 0.662704 0.617224 0.620479 0.605572 0.537439
0 0.437350 0.396674 0.438885 0.400007 0.453215 0.475032 0.453546 0.491876 0.188132 0.558780 0.184464 0.556885 0.182600 0.553810 0.172554 0.555762 0.166289 0.535601 0.167801 0.533138 0.163370 0.518200 0.160887 0.516389 0.154566 0.496551 0.157773 0.489583 0.163299 0.487684 0.162263 0.483125 0.165331 0.481240 0.163911 0.479551 0.158913 0.478073 0.160087 0.475259 0.162855 0.471483 0.170005 0.466106 0.176287 0.463262 0.425080 0.399515
