1 0.431485 0.290516 0.535723 0.302470 0.563134 0.223992 0.565641 0.222125 0.666412 0.230738 0.670379 0.232915 0.670675 0.234143 0.683155 0.271322 0.667401 0.316826 0.745246 0.326498 0.748776 0.329621 0.593845 0.809731 0.587332 0.813009 0.577464 0.815641 0.569714 0.815041 0.557275 0.822775 0.553325 0.821414 0.546446 0.818923 0.535105 0.814956 0.538477 0.803422 0.483130 0.783195 0.455815 0.793816 0.386914 0.767380 0.381359 0.766985 0.377102 0.768233 0.373312 0.768720 0.369765 0.767722 0.368976 0.765906 0.370704 0.763313 0.372213 0.761056 0.366003 0.758779 0.358471 0.761402 0.356597 0.761939 0.351744 0.759681 0.353232 0.757130 0.354888 0.755485 0.347632 0.752577 0.341162 0.753997 0.336375 0.755124 0.333528 0.753707 0.333235 0.751041 0.332912 0.749908 0.330186 0.747749 0.229866 0.710456 0.219294 0.688861 0.211490 0.685004 0.185040 0.687200 0.170880 0.682177 0.170801 0.680351 0.207028 0.576657 0.241611 0.579870 0.245563 0.567991 0.226955 0.565769 0.224859 0.565544 0.216348 0.562859 0.212378 0.561707 0.211570 0.560522 0.211829 0.559077 0.212947 0.557411 0.260987 0.424778 0.262171 0.424462 0.276149 0.427302 0.276946 0.427901 0.294064 0.434210 0.328814 0.336135 0.326156 0.333945 0.322880 0.331531 0.320911 0.328412 0.321669 0.325077 0.324142 0.319125 0.324328 0.317915 0.344919 0.265558 0.330611 0.252539 0.337371 0.236455 0.339415 0.234664 0.397642 0.241207 0.400172 0.242867 0.435088 0.277017 0.435172 0.278623 0.430478 0.290667
4 0.667364 0.230863 0.670762 0.233214 0.682427 0.271315 0.645703 0.378635 0.641649 0.379995 0.551747 0.367652 0.524946 0.339451 0.524817 0.334947 0.563196 0.223703 0.565942 0.222221
8 0.568319 0.385924 0.564334 0.396843 0.566067 0.398668 0.590826 0.402709 0.591662 0.401468 0.594502 0.391644 0.592807 0.389979
8 0.552949 0.495254 0.549977 0.505499 0.550600 0.506620 0.575245 0.512141 0.576341 0.511486 0.580017 0.500422 0.578399 0.499075 0.555057 0.493925
8 0.437419 0.470495 0.436319 0.472064 0.433459 0.480051 0.435333 0.482181 0.456526 0.486824 0.457524 0.485573 0.460996 0.476077 0.460172 0.474867 0.439030 0.470065
8 0.441306 0.698919 0.437412 0.699312 0.433730 0.708840 0.433640 0.710452 0.437196 0.712182 0.458354 0.718904 0.459570 0.717973 0.463383 0.707766 0.463005 0.706047
7 0.665225 0.428374 0.687657 0.432289 0.697085 0.448709 0.634016 0.639837 0.619782 0.640380 0.597596 0.633926
7 0.617153 0.642970 0.632756 0.649109 0.579108 0.806030 0.557470 0.822948 0.535512 0.814893 0.596662 0.644807
7 0.294288 0.434325 0.276536 0.427570 0.275069 0.426811 0.262198 0.424314 0.260365 0.425345 0.212324 0.558561 0.211140 0.560080 0.211557 0.561622 0.214649 0.562324 0.226225 0.566060 0.230293 0.566218 0.267975 0.568391 0.313174 0.447979 0.312217 0.444016 0.310957 0.442282 0.310072 0.440634 0.309866 0.440332
7 0.242524 0.579637 0.264501 0.585735 0.228472 0.682860 0.185924 0.687499 0.179140 0.685447 0.170708 0.682255 0.170623 0.680619 0.206930 0.576576
0 0.254430 0.700187 0.258121 0.702578 0.272294 0.706572 0.275890 0.707611 0.278527 0.707544 0.283790 0.709516 0.285220 0.711830 0.302153 0.717249 0.311009 0.718586 0.315362 0.716279 0.318052 0.719511 0.318712 0.722732 0.322439 0.723803 0.341259 0.718787 0.424426 0.482273 0.423023 0.478884 0.421177 0.478015 0.416038 0.476099 0.409285 0.473142 0.408758 0.472573 0.407003 0.473373 0.403886 0.472890 0.402385 0.472324 0.399009 0.472382 0.395685 0.470878 0.394233 0.470997 0.391556 0.470240 0.387979 0.468978 0.345729 0.459233 0.342608 0.457925 0.339787 0.458183 0.338453 0.460726
5 0.376475 0.376296 0.380788 0.376640 0.385150 0.378012 0.387731 0.379805 0.389061 0.381758 0.394098 0.390715 0.392014 0.397545 0.390790 0.399046 0.389846 0.400610 0.389022 0.403217 0.388754 0.404300 0.389059 0.406655 0.386626 0.412454 0.372067 0.420580 0.368259 0.419589 0.341109 0.414439 0.338733 0.412947 0.335853 0.412102 0.334555 0.410283 0.334869 0.408576 0.335659 0.407739 0.336047 0.406747 0.335937 0.405198 0.335211 0.404652 0.331944 0.402894 0.330510 0.401743 0.328324 0.397753 0.326962 0.394713 0.326524 0.391120 0.326198 0.388124 0.327074 0.384639 0.328923 0.379978 0.331839 0.375495 0.336712 0.371457 0.341738 0.368598 0.345293 0.367309 0.350236 0.366844 0.355500 0.367023 0.361070 0.368605 0.363795 0.370177 0.372372 0.375046 0.375219 0.376709
5 0.367247 0.421836 0.372717 0.424920 0.379027 0.436960 0.377541 0.442847 0.374675 0.444800 0.373587 0.449189 0.374018 0.451383 0.371215 0.458115 0.361380 0.462677 0.345993 0.459437 0.343179 0.457908 0.339975 0.458324 0.337705 0.461238 0.321093 0.456894 0.318801 0.455611 0.318307 0.454801 0.320067 0.453739 0.315004 0.449604 0.313854 0.448263 0.313291 0.447437 0.312237 0.444847 0.311950 0.443385 0.310977 0.441957 0.310606 0.440285 0.310263 0.439001 0.310310 0.435772 0.311309 0.431426 0.312675 0.428052 0.314886 0.424616 0.317964 0.420806 0.321390 0.418027 0.326691 0.415484 0.331504 0.414481 0.336428 0.414075 0.342936 0.415298 0.350476 0.418472 0.356566 0.421252 0.363395 0.422168
2 0.460639 0.515513 0.467233 0.511374 0.475959 0.514512 0.478657 0.519460 0.480231 0.524731 0.482608 0.531773 0.487331 0.537326 0.489237 0.539926 0.485268 0.540614 0.473539 0.537806 0.470832 0.539359 0.475664 0.543491 0.482299 0.547310 0.490006 0.551516 0.488886 0.555597 0.480452 0.555850 0.479787 0.561190 0.478312 0.569092 0.467635 0.579672 0.459587 0.584636 0.449997 0.584771 0.450662 0.579431 0.456824 0.572882 0.457421 0.570995 0.447433 0.566992 0.445116 0.562998 0.441906 0.559668 0.437645 0.556966 0.441938 0.552016 0.443257 0.550003 0.439356 0.547239 0.429920 0.543651 0.424972 0.539348 0.427819 0.536816 0.432923 0.535229 0.437770 0.528527 0.442722 0.522571 0.447353 0.518709
2 0.525030 0.457449 0.536580 0.459205 0.544394 0.461992 0.549715 0.465656 0.550737 0.470513 0.545427 0.474365 0.544094 0.479120 0.544333 0.483220 0.545250 0.487330 0.544386 0.490602 0.542107 0.496732 0.538854 0.501628 0.535124 0.506417 0.530106 0.513659 0.525305 0.518060 0.515524 0.525809 0.512114 0.528503 0.497488 0.526771 0.490938 0.522682 0.487498 0.516844 0.483681 0.507884 0.479745 0.500921 0.480833 0.496400 0.489801 0.493379 0.495992 0.489438 0.497370 0.482381 0.496220 0.477929 0.502792 0.466850 0.506496 0.465379 0.513362 0.463614 0.518575 0.460608
2 0.479611 0.353208 0.491001 0.354524 0.496284 0.357074 0.497102 0.360118 0.509365 0.366080 0.514365 0.375156 0.513480 0.378846 0.510239 0.382875 0.504980 0.383507 0.499366 0.383185 0.492307 0.382694 0.487958 0.382818 0.482518 0.383726 0.476019 0.387094 0.472471 0.390021 0.460133 0.387854 0.452947 0.385984 0.434871 0.380926 0.432777 0.378068 0.432707 0.373843 0.435795 0.370892 0.441822 0.366940 0.447642 0.365721 0.453781 0.364971 0.458821 0.363257 0.464784 0.359211 0.466929 0.355093 0.470395 0.353021
