5 0.480227 0.300550 0.488543 0.290600 0.499105 0.286063 0.506154 0.285756 0.516280 0.287355 0.522537 0.291617 0.527913 0.300956 0.529846 0.309462 0.529262 0.318525 0.528349 0.327931 0.529343 0.334095 0.526430 0.343653 0.519417 0.353067 0.509146 0.357991 0.500135 0.357719 0.490578 0.355940 0.487322 0.341612 0.486249 0.333314 0.483677 0.330047 0.480503 0.321453 0.479583 0.313825 0.478613 0.305974
8 0.270758 0.628121 0.025548 0.292858
8 0.554991 0.602581 0.026363 0.293481
8 0.517459 0.460354 0.022451 0.289370
8 0.674027 0.539402 0.025960 0.292936
4 0.684527 0.489812 0.714273 0.441180 0.722951 0.439297 0.846303 0.405053 0.851317 0.409485 0.895521 0.515839 0.893671 0.523729 0.850107 0.562845 0.725809 0.602545
7 0.203670 0.814729 0.212788 0.815575 0.426934 0.747919 0.435223 0.781402 0.436482 0.791433 0.240783 0.856470 0.231056 0.861549 0.222160 0.852326 0.211111 0.848596 0.205054 0.842888
7 0.440298 0.740890 0.700275 0.657952 0.709803 0.683422 0.706552 0.690065 0.679305 0.712312 0.452770 0.788294 0.445754 0.776872 0.444890 0.761100
7 0.160532 0.305901 0.295170 0.275694 0.307429 0.319111 0.311666 0.345653 0.189550 0.374352 0.162185 0.323708 0.159765 0.306474 0.162127 0.305022
7 0.312291 0.269419 0.482293 0.233238 0.487750 0.251983 0.485245 0.292301 0.482011 0.296499 0.479151 0.302344 0.478074 0.305507 0.329197 0.340190 0.314563 0.287642
0 0.177440 0.404948 0.483362 0.328805 0.486529 0.333253 0.498312 0.385105 0.503297 0.405687 0.504915 0.412804 0.506209 0.422565 0.505703 0.432533 0.502682 0.438209 0.210911 0.522762 0.207001 0.521817 0.194162 0.501900 0.192524 0.493337 0.193190 0.489494 0.185190 0.480035 0.180679 0.472379 0.177432 0.447252 0.180053 0.443882 0.179606 0.437848 0.178450 0.432765 0.175867 0.418688 0.175126 0.407299
1 0.160960 0.306391 0.294975 0.274532 0.306312 0.317258 0.321520 0.314373 0.315013 0.289316 0.312979 0.270524 0.482196 0.233138 0.487645 0.250851 0.486369 0.274768 0.502665 0.271299 0.505332 0.267818 0.531320 0.262246 0.532967 0.264125 0.601120 0.248112 0.604723 0.233537 0.608755 0.228904 0.613069 0.227302 0.679655 0.213703 0.687907 0.189284 0.710577 0.184478 0.737135 0.245107 0.737925 0.251217 0.711095 0.312406 0.695581 0.317072 0.741128 0.432264 0.844187 0.405123 0.849121 0.406626 0.894945 0.515240 0.893849 0.523595 0.848963 0.561568 0.799419 0.578163 0.830513 0.665781 0.826495 0.672704 0.801057 0.680269 0.665581 0.731551 0.614260 0.748236 0.463743 0.799323 0.322048 0.845738 0.238293 0.869844 0.221338 0.852351 0.208053 0.849246 0.204651 0.840427 0.202042 0.818402 0.206286 0.814234 0.211930 0.816220 0.214588 0.815616 0.206309 0.722071 0.181735 0.701803 0.172532 0.617371 0.170456 0.595938 0.165668 0.591562 0.164605 0.586008 0.166528 0.583045 0.169981 0.582425 0.169820 0.571170 0.165204 0.565797 0.162937 0.561095 0.162647 0.557182 0.166174 0.555126 0.168373 0.555137 0.168161 0.543662 0.163918 0.538171 0.162533 0.532955 0.163052 0.529964 0.166255 0.528246 0.160975 0.438230 0.158866 0.391167 0.174027 0.371772 0.176272 0.368471 0.176716 0.353727 0.161971 0.323993
