9 0.544835 0.500628 0.009393 0.283755
9 0.706877 0.356636 0.011254 0.276937
9 0.521493 0.436283 0.012635 0.276105
0 0.504817 0.564055 0.888891 0.461422 0.890546 0.479034 0.899298 0.487998 0.914450 0.576555 0.911574 0.597447 0.521176 0.703746 0.499244 0.571107
7 0.522344 0.795310 0.731798 0.737837 0.757816 0.760272 0.761965 0.792502 0.526971 0.857615 0.516497 0.813820 0.514654 0.795362
7 0.758188 0.728103 0.917157 0.686055 0.955743 0.700796 0.959567 0.734946 0.788416 0.783040 0.761458 0.756372
7 0.298532 0.178059 0.592547 0.101859 0.597739 0.137284 0.586047 0.162845 0.308283 0.232512 0.297449 0.207784
7 0.605387 0.098169 0.842005 0.043272 0.845593 0.080835 0.812255 0.104525 0.597714 0.154549 0.596365 0.137775 0.595017 0.121001
8 0.784532 0.320240 0.033682 0.308974
8 0.482105 0.533257 0.028688 0.308106
8 0.446978 0.333444 0.033918 0.309582
8 0.290392 0.409418 0.031452 0.310683
4 0.034984 0.357131 0.221730 0.313188 0.241579 0.327426 0.266540 0.483093 0.203112 0.498065 0.062290 0.528998 0.030960 0.365314
5 0.391322 0.710197 0.429598 0.702199 0.447946 0.720952 0.457752 0.785796 0.438783 0.792435 0.418522 0.804529 0.404813 0.802917 0.386851 0.804696 0.384748 0.780185 0.379129 0.769911 0.379369 0.752200 0.375802 0.741766
5 0.450250 0.712540 0.464916 0.690273 0.500859 0.681167 0.517879 0.695816 0.519597 0.699794 0.526716 0.705553 0.527587 0.718874 0.529827 0.725204 0.530954 0.735923 0.530260 0.742193 0.533323 0.765386 0.518323 0.769229 0.504109 0.780376 0.490923 0.781114 0.477006 0.778561 0.462812 0.784159
1 0.213085 0.755614 0.169165 0.507245 0.063188 0.531297 0.031052 0.365564 0.033519 0.357610 0.136096 0.331591 0.118739 0.236247 0.144754 0.231411 0.146643 0.224667 0.215364 0.210108 0.218128 0.209214 0.297590 0.189649 0.297447 0.179472 0.591472 0.102781 0.594803 0.113970 0.598068 0.113425 0.603792 0.097263 0.840759 0.043625 0.846273 0.076088 0.828934 0.091407 0.852066 0.212672 0.880061 0.235820 0.898434 0.331930 0.907016 0.328643 0.908132 0.337483 0.900551 0.341468 0.902465 0.357716 0.902917 0.361659 0.914716 0.361421 0.911642 0.368549 0.906065 0.373931 0.909827 0.394693 0.916675 0.395033 0.918793 0.404571 0.912156 0.405184 0.955475 0.661330 0.938076 0.693536 0.957154 0.703211 0.963246 0.734465 0.785926 0.784145 0.777885 0.776524 0.763746 0.779563 0.763734 0.792856 0.526698 0.855717 0.524051 0.843794 0.243823 0.920624 0.238916 0.888987 0.231384 0.889379 0.221923 0.907772 0.186296 0.913161 0.169124 0.791954 0.191608 0.761682
