0 0.477517 0.482058 0.759419 0.552957 0.762433 0.555448 0.759183 0.564770 0.757724 0.566502 0.752060 0.582499 0.749982 0.585146 0.745443 0.599014 0.746253 0.600665 0.740688 0.616066 0.740831 0.619398 0.739124 0.624171 0.733965 0.626297 0.625823 0.596340 0.582839 0.584589 0.580435 0.589258 0.557555 0.583470 0.558610 0.578297 0.556386 0.577050 0.544979 0.574305 0.494974 0.560253 0.480544 0.556538 0.453004 0.548608 0.451416 0.547665 0.451906 0.544212 0.454031 0.543459 0.454771 0.540572 0.451137 0.538509 0.457249 0.518893 0.465923 0.492259 0.469789 0.490303 0.472508 0.490711 0.474001 0.487164 0.471707 0.485802 0.471414 0.485946 0.474854 0.483681
7 0.449042 0.256679 0.500921 0.265339 0.579519 0.278544 0.653407 0.290896 0.657728 0.303454 0.656783 0.308865 0.658665 0.313403 0.659295 0.316252 0.655588 0.326770 0.577283 0.312658 0.507281 0.300107 0.463903 0.292091 0.444371 0.273589
7 0.656948 0.308494 0.662809 0.291280 0.758709 0.308779 0.847963 0.325751 0.849159 0.327631 0.845533 0.337440 0.842677 0.344476 0.840919 0.346043 0.834364 0.359118 0.750495 0.343547 0.694313 0.333017 0.663435 0.327431 0.657153 0.308312
7 0.581536 0.665910 0.586647 0.649476 0.598766 0.639406 0.639446 0.650988 0.693574 0.666843 0.726546 0.676674 0.723298 0.690444 0.717814 0.707450 0.662553 0.691338 0.625547 0.680563 0.594394 0.671783
7 0.562425 0.661742 0.401928 0.613113 0.407734 0.597388 0.432976 0.590624 0.581954 0.634698 0.576772 0.650565
4 0.263172 0.276067 0.366709 0.294673 0.401024 0.318140 0.377639 0.389436 0.318819 0.376943 0.237988 0.352920 0.236313 0.348476 0.259571 0.277586
8 0.508523 0.379666 0.515455 0.358552 0.526765 0.361011 0.519639 0.382326
8 0.475681 0.475703 0.482378 0.455808 0.493023 0.458435 0.486779 0.478710
8 0.408336 0.364827 0.268972 0.024699
8 0.742049 0.455980 0.269097 0.026253
5 0.386539 0.517291 0.408028 0.526198 0.412615 0.534113 0.409460 0.537692 0.405358 0.541055 0.401252 0.547640 0.401323 0.553025 0.401671 0.562339 0.404339 0.568315 0.386705 0.563234 0.373788 0.562447 0.358152 0.558250 0.352649 0.551631 0.350014 0.543945 0.350519 0.533536 0.357747 0.525084 0.366843 0.521137 0.374233 0.519379
5 0.432455 0.530080 0.451769 0.535386 0.451386 0.539338 0.453672 0.541693 0.451565 0.545621 0.453432 0.548615 0.458573 0.550150 0.461976 0.552392 0.451805 0.581842 0.434750 0.577600 0.423793 0.575294 0.414047 0.573264 0.404941 0.567156 0.401423 0.560482 0.400599 0.553502 0.402346 0.547290 0.406707 0.539652 0.411788 0.536584 0.421568 0.534399
1 0.258712 0.563364 0.262978 0.548835 0.241984 0.541311 0.222242 0.542149 0.204587 0.535017 0.203739 0.534274 0.223105 0.481211 0.225262 0.479865 0.267617 0.484164 0.283282 0.489375 0.320566 0.376871 0.295473 0.370435 0.265595 0.360893 0.238691 0.352211 0.234967 0.348243 0.260086 0.276973 0.263400 0.276074 0.347833 0.291034 0.361331 0.254481 0.370013 0.256454 0.370933 0.253541 0.413541 0.260469 0.415354 0.263634 0.445940 0.268197 0.449459 0.257063 0.652944 0.290626 0.657625 0.302522 0.661882 0.292474 0.662409 0.291492 0.846516 0.325719 0.848979 0.326830 0.845056 0.337871 0.850096 0.344524 0.824388 0.423134 0.838992 0.445027 0.801569 0.558657 0.759744 0.675944 0.732803 0.687236 0.728758 0.699352 0.721821 0.701447 0.718715 0.707168 0.581054 0.666161 0.583081 0.661114 0.568853 0.657514 0.561926 0.661632 0.401351 0.612482 0.404078 0.607961
