9 0.564744 0.385034 0.010957 0.274296
9 0.531868 0.461580 0.008479 0.276625
9 0.556091 0.493739 0.006925 0.279923
9 0.392463 0.460040 0.010800 0.274333
8 0.447299 0.333875 0.031743 0.309828
8 0.481933 0.532276 0.032393 0.307347
8 0.291023 0.408997 0.030095 0.309255
4 0.037539 0.357941 0.217311 0.313437 0.240090 0.326574 0.266616 0.482141 0.256912 0.486053 0.067552 0.530660 0.062107 0.527778 0.031530 0.365510
7 0.298954 0.177210 0.593834 0.103566 0.599551 0.136535 0.588853 0.160499 0.308504 0.231051 0.300430 0.211997 0.296447 0.179628
7 0.607388 0.098242 0.842855 0.043419 0.846480 0.077065 0.813161 0.104477 0.598453 0.156121 0.595414 0.148205 0.600045 0.135875 0.597373 0.116622
7 0.763617 0.729111 0.920347 0.686160 0.960730 0.702114 0.962241 0.734896 0.789807 0.782153 0.762425 0.751162 0.758200 0.733572 0.767064 0.728770
7 0.518307 0.795513 0.735217 0.739358 0.756289 0.759236 0.762625 0.793553 0.528772 0.855644 0.518689 0.821766 0.515674 0.799528
0 0.505022 0.563220 0.871212 0.465293 0.888554 0.465488 0.889704 0.477882 0.894850 0.480861 0.898144 0.485598 0.916427 0.579498 0.914436 0.582076 0.915047 0.593485 0.908456 0.599872 0.524858 0.701495 0.521163 0.694952 0.499160 0.571306
5 0.389158 0.711613 0.421500 0.704337 0.447974 0.724016 0.457113 0.786829 0.439755 0.790895 0.436969 0.795665 0.434381 0.798436 0.421491 0.805313 0.411067 0.805976 0.402750 0.801702 0.386369 0.805839 0.383333 0.782062 0.379755 0.773161 0.378350 0.763943 0.378540 0.756144 0.378833 0.750246 0.375970 0.738792
5 0.466725 0.689427 0.498252 0.680284 0.516387 0.694149 0.520403 0.702135 0.524812 0.706125 0.526597 0.715607 0.528178 0.721285 0.530656 0.726674 0.530982 0.733919 0.532366 0.741595 0.531636 0.748409 0.533390 0.766411 0.519619 0.769317 0.512649 0.775440 0.505417 0.778940 0.495495 0.783309 0.485647 0.782239 0.483948 0.778919 0.464360 0.784481 0.451015 0.721481
8 0.784410 0.320588 0.030965 0.308842
1 0.167329 0.505726 0.066404 0.531814 0.062197 0.526815 0.030876 0.364799 0.036150 0.357856 0.137122 0.332681 0.118437 0.237348 0.145838 0.229608 0.145486 0.225233 0.215301 0.209013 0.221236 0.207842 0.298065 0.189727 0.297418 0.179836 0.301155 0.177132 0.594008 0.103050 0.595677 0.113359 0.600012 0.111957 0.607070 0.097703 0.842134 0.042629 0.846816 0.076279 0.829332 0.092407 0.850978 0.213633 0.881284 0.237125 0.897887 0.330054 0.904421 0.330185 0.907255 0.330391 0.908304 0.337907 0.899768 0.339920 0.902811 0.355022 0.904593 0.363049 0.914595 0.362059 0.913833 0.369787 0.905451 0.372498 0.910487 0.395185 0.918431 0.397479 0.918824 0.404833 0.911733 0.406378 0.955148 0.660551 0.937549 0.694300 0.957623 0.702397 0.962650 0.734813 0.789288 0.784147 0.780028 0.775919 0.760642 0.780692 0.762776 0.793095 0.528617 0.855733 0.524516 0.842844 0.245847 0.919877 0.238797 0.888115 0.232227 0.890614 0.224590 0.905055 0.187265 0.914134 0.168027 0.789800 0.191857 0.760395 0.214943 0.755548 0.166310 0.504379
