6 0.566723 0.388757 0.012200 0.271946
6 0.544628 0.513308 0.006726 0.285166
6 0.528417 0.437967 0.010930 0.271383
8 0.447292 0.334435 0.030326 0.310377
8 0.291693 0.409206 0.030045 0.308134
8 0.482728 0.532458 0.031239 0.307032
8 0.784366 0.319288 0.030452 0.309643
0 0.506166 0.561342 0.888578 0.464988 0.889997 0.479843 0.901464 0.489180 0.916990 0.576043 0.912468 0.583177 0.913801 0.599762 0.523561 0.701582 0.519843 0.695412 0.499450 0.567584
5 0.392216 0.709805 0.423941 0.704869 0.446587 0.716454 0.459878 0.785365 0.438125 0.790461 0.435584 0.797101 0.421103 0.804208 0.406412 0.803142 0.400639 0.800645 0.388926 0.803948 0.381156 0.779796 0.378610 0.759286 0.378703 0.752469 0.375644 0.742307
5 0.468338 0.687567 0.504821 0.681494 0.521466 0.696006 0.524041 0.706227 0.525074 0.713630 0.529884 0.720180 0.530659 0.734666 0.531698 0.747594 0.533293 0.764395 0.521677 0.767046 0.510998 0.775289 0.499862 0.781470 0.486817 0.779057 0.463928 0.783144 0.452240 0.719500 0.464644 0.691541
7 0.515805 0.795841 0.737254 0.738402 0.759349 0.758894 0.763423 0.794427 0.529116 0.854083 0.518497 0.823431
7 0.760872 0.729244 0.922369 0.687823 0.956703 0.701593 0.963338 0.734916 0.788236 0.784637 0.761500 0.751827
7 0.607969 0.098467 0.844174 0.042633 0.846017 0.078427 0.816780 0.103083 0.597559 0.155097 0.595460 0.145642 0.599889 0.136379 0.595500 0.116609
7 0.298741 0.178875 0.595378 0.102744 0.599591 0.135468 0.588086 0.162681 0.310119 0.231852 0.300653 0.213264
4 0.034242 0.357682 0.222785 0.314386 0.241644 0.327173 0.267206 0.480124 0.169852 0.503779 0.062603 0.529253 0.031287 0.367568
1 0.135407 0.334787 0.119046 0.236251 0.145219 0.231532 0.146607 0.226922 0.298385 0.191982 0.297321 0.179427 0.593073 0.104581 0.598496 0.113646 0.607806 0.098152 0.843919 0.043011 0.845757 0.076121 0.829868 0.094575 0.849914 0.211259 0.881868 0.238790 0.899103 0.328841 0.907186 0.329555 0.907561 0.339005 0.900661 0.342068 0.902359 0.365237 0.915947 0.361259 0.914197 0.368898 0.905948 0.373647 0.912067 0.401211 0.917556 0.401101 0.916598 0.407652 0.910646 0.414986 0.941800 0.577051 0.956214 0.662157 0.938732 0.693610 0.957329 0.701327 0.962639 0.734562 0.789180 0.783588 0.780595 0.775961 0.761518 0.780051 0.763657 0.794339 0.528941 0.858183 0.524936 0.843249 0.242456 0.920876 0.239317 0.892765 0.238604 0.888002 0.231445 0.889901 0.224002 0.906040 0.186554 0.912741 0.168132 0.790955 0.193933 0.759725 0.214617 0.755116 0.168347 0.504780 0.063403 0.528734 0.030115 0.366249 0.034671 0.357285
