1 0.365804 0.272424 0.379852 0.233083 0.391821 0.234537 0.393298 0.229657 0.443881 0.239042 0.446018 0.245382 0.486696 0.252048 0.492182 0.236435 0.728087 0.277727 0.724937 0.292935 0.732902 0.295681 0.739920 0.277840 0.946945 0.318787 0.940129 0.339484 0.935520 0.343588 0.907409 0.424682 0.913596 0.436625 0.829789 0.701831 0.807439 0.712208 0.811002 0.718403 0.804254 0.738882 0.652200 0.696842 0.652004 0.690475 0.635043 0.684748 0.630241 0.692087 0.443620 0.637276 0.446325 0.631334 0.268417 0.580377 0.272873 0.564529 0.254883 0.558569 0.234080 0.560633 0.211850 0.553241 0.233556 0.489796 0.282863 0.491866 0.295118 0.496758 0.335737 0.370840 0.278513 0.357137 0.242985 0.342040 0.271067 0.254921
4 0.270977 0.255208 0.397635 0.278036 0.430278 0.304888 0.404267 0.386322 0.286367 0.360238 0.243130 0.342453 0.270986 0.256052
8 0.443175 0.371511 0.449564 0.349546 0.435418 0.345396 0.427465 0.367942
8 0.553452 0.374554 0.568781 0.378037 0.575070 0.354644 0.559411 0.351789
8 0.516774 0.481906 0.531243 0.485470 0.537752 0.464001 0.524755 0.460580 0.516821 0.482194
8 0.805151 0.470365 0.821244 0.474020 0.829351 0.449746 0.813611 0.446355
0 0.523439 0.490340 0.848128 0.569958 0.818145 0.648679 0.496387 0.562314 0.500967 0.553880 0.497416 0.551990 0.514430 0.501180 0.518487 0.496418
7 0.445089 0.637616 0.450684 0.619258 0.473138 0.610129 0.640945 0.658021 0.635680 0.674682 0.629187 0.691064 0.445130 0.637667
7 0.652746 0.697344 0.652169 0.689544 0.657244 0.676607 0.660242 0.663476 0.800218 0.700859 0.810913 0.719053 0.804118 0.738994
7 0.486278 0.255184 0.491609 0.236984 0.727762 0.278152 0.721857 0.297502 0.718100 0.315377 0.502441 0.279224
7 0.727371 0.317314 0.732655 0.298264 0.738493 0.279790 0.946689 0.319600 0.939761 0.340858 0.916803 0.355620
5 0.469582 0.541937 0.482889 0.545328 0.496616 0.549034 0.498825 0.556296 0.497785 0.559587 0.497715 0.563099 0.503487 0.566762 0.491534 0.600200 0.472785 0.595940 0.467479 0.597380 0.458688 0.594500 0.441025 0.584609 0.438429 0.576377 0.437237 0.566994 0.442856 0.557983 0.452354 0.549854 0.459757 0.545069
5 0.417076 0.527730 0.440131 0.535907 0.443160 0.542768 0.448861 0.549942 0.443810 0.554967 0.438300 0.562532 0.437080 0.570780 0.439139 0.577420 0.434686 0.584932 0.415463 0.579977 0.402700 0.580898 0.392228 0.576756 0.380905 0.566541 0.380138 0.560194 0.381665 0.548784 0.386181 0.542167 0.395136 0.536854 0.402492 0.534410 0.405771 0.532803 0.411920 0.529792
