9 0.548245 0.491436 0.166997 0.010024
9 0.546967 0.540480 0.163816 0.017658
9 0.477192 0.398076 0.170436 0.008975
9 0.541726 0.385746 0.170148 0.008361
8 0.523349 0.323857 0.173248 0.052039
8 0.472140 0.519071 0.173942 0.051162
8 0.356821 0.295657 0.172116 0.048683
8 0.820359 0.516175 0.171735 0.050974
7 0.457834 0.099437 0.744757 0.212596 0.735793 0.244791 0.717784 0.260463 0.445868 0.154973 0.447997 0.130657
7 0.757317 0.214929 0.983739 0.310165 0.974775 0.342360 0.936661 0.347143 0.727720 0.260705 0.728272 0.251671 0.735851 0.245348 0.741883 0.227997
7 0.632947 0.856161 0.783649 0.913674 0.813264 0.950450 0.803713 0.982018 0.631817 0.918527 0.619536 0.883847 0.627633 0.858829
7 0.393468 0.768198 0.603342 0.848796 0.613390 0.878806 0.605757 0.913187 0.376861 0.823366 0.382387 0.793568 0.390459 0.770296
5 0.318374 0.618832 0.354929 0.634164 0.363967 0.657267 0.345090 0.722667 0.327060 0.715520 0.319464 0.717011 0.299872 0.711991 0.291134 0.703901 0.275634 0.698449 0.280558 0.681178 0.281830 0.675448 0.283721 0.662021 0.290000 0.645189 0.293834 0.632830
5 0.393463 0.643445 0.426224 0.656234 0.434725 0.675215 0.437852 0.688948 0.434654 0.698442 0.434284 0.706657 0.432375 0.715252 0.426393 0.729110 0.420089 0.747690 0.407458 0.744043 0.391025 0.744431 0.378302 0.741194 0.370175 0.731985 0.350476 0.722543 0.365485 0.659840
0 0.477879 0.559369 0.835742 0.696603 0.850970 0.703283 0.844805 0.717959 0.850948 0.723016 0.848719 0.736333 0.826884 0.818324 0.821817 0.821511 0.819116 0.832043 0.809238 0.832358 0.437164 0.688773 0.437328 0.683124 0.440526 0.673629 0.471365 0.562527
4 0.156621 0.096072 0.337705 0.172022 0.347782 0.195081 0.305220 0.343574 0.110404 0.264631 0.107800 0.256546 0.150297 0.099339
1 0.280811 0.039703 0.305914 0.051191 0.307316 0.047359 0.375123 0.074907 0.373731 0.077454 0.454378 0.110532 0.457101 0.100753 0.745209 0.214251 0.743089 0.222559 0.746614 0.224698 0.756046 0.215757 0.984587 0.310656 0.974236 0.343616 0.953981 0.345393 0.923159 0.463112 0.939114 0.500583 0.915692 0.593663 0.922948 0.597009 0.922855 0.603641 0.911683 0.603026 0.905736 0.626085 0.914436 0.627899 0.913157 0.636146 0.904250 0.635264 0.898680 0.659112 0.904769 0.662747 0.901468 0.667675 0.894294 0.667686 0.829206 0.914911 0.799099 0.932489 0.813633 0.951512 0.804675 0.981925 0.632013 0.919755 0.627668 0.907024 0.609276 0.900410 0.606259 0.912758 0.375903 0.824267 0.378832 0.813556 0.104556 0.709195 0.112039 0.677972 0.106069 0.675042 0.092946 0.684455 0.058542 0.669331 0.093239 0.550310 0.126341 0.540364 0.146189 0.549114 0.209746 0.305058 0.110538 0.263646 0.108434 0.256970 0.149163 0.099561 0.156255 0.096192 0.254008 0.135468
