7 0.211516 0.264780 0.356958 0.243421 0.359847 0.264064 0.352838 0.296638 0.219695 0.317754 0.214054 0.286140 0.211534 0.265989 0.210732 0.264724
7 0.374218 0.238971 0.539115 0.217438 0.542871 0.239628 0.519283 0.268332 0.369572 0.294683 0.363514 0.275952
7 0.491226 0.705718 0.659865 0.635822 0.695294 0.642237 0.701322 0.663103 0.515944 0.742011 0.504871 0.735187 0.502378 0.725348 0.494204 0.718823 0.491067 0.706152
7 0.316955 0.774052 0.478393 0.708704 0.502705 0.726222 0.507902 0.747957 0.328316 0.822910 0.316284 0.774493
8 0.338069 0.600018 0.021688 0.291573
8 0.547928 0.440952 0.018361 0.289253
8 0.575885 0.574688 0.018383 0.288609
8 0.666759 0.520502 0.017396 0.287470
4 0.676773 0.474665 0.730736 0.457929 0.811263 0.435921 0.821060 0.438637 0.821844 0.442087 0.817875 0.443341 0.837271 0.533619 0.836298 0.535248 0.747622 0.570659 0.744738 0.570778 0.698054 0.571264 0.676060 0.475467
0 0.246992 0.380894 0.398064 0.350229 0.531807 0.322195 0.532477 0.325144 0.532465 0.328624 0.534634 0.331098 0.539151 0.330935 0.545346 0.355838 0.552703 0.391749 0.552324 0.395977 0.548411 0.398793 0.546180 0.400762 0.548257 0.409902 0.549939 0.409054 0.550658 0.411039 0.547244 0.413697 0.380169 0.457634 0.287028 0.483901 0.265218 0.490475 0.260440 0.481241 0.260015 0.473475 0.260327 0.468953 0.261156 0.465531 0.255802 0.446683 0.250563 0.427166 0.245241 0.393140 0.244182 0.384942
5 0.513381 0.284021 0.527480 0.282907 0.535202 0.275505 0.541571 0.270865 0.549871 0.271454 0.558711 0.273332 0.566002 0.280370 0.571125 0.289845 0.572801 0.301576 0.570749 0.312149 0.563985 0.321584 0.560403 0.326511 0.557992 0.332235 0.556488 0.336505 0.550518 0.340727 0.542635 0.340882 0.539821 0.330678 0.537017 0.329228 0.534539 0.330303 0.533409 0.324238 0.528634 0.322827 0.525109 0.323649 0.517304 0.325239 0.513255 0.325935 0.507518 0.289798
1 0.541697 0.231674 0.673210 0.211215 0.676981 0.223452 0.702721 0.219115 0.720934 0.203436 0.740164 0.202031 0.756813 0.275297 0.708067 0.304710 0.696169 0.307885 0.728667 0.456333 0.809141 0.435871 0.821186 0.438780 0.818226 0.443260 0.837351 0.533950 0.753258 0.568983 0.763246 0.621647 0.759107 0.624123 0.758589 0.628373 0.722650 0.641187 0.718123 0.640866 0.698239 0.649191 0.701626 0.663009 0.516045 0.741760 0.505691 0.735398 0.507153 0.748364 0.327548 0.822623 0.322849 0.806300 0.310755 0.799904 0.284972 0.689716 0.258960 0.671077 0.205328 0.428541 0.188976 0.340252 0.205236 0.313805 0.201894 0.299097 0.208811 0.288154 0.212736 0.286914 0.210324 0.264323 0.356776 0.243450 0.359752 0.260901 0.367574 0.260474 0.373973 0.241812 0.375635 0.240411 0.538637 0.217230
