1 0.419217 0.386144 0.421231 0.381307 0.429536 0.384337 0.429713 0.385069 0.439250 0.388220 0.440394 0.387973 0.448221 0.390583 0.446921 0.397065 0.469978 0.405368 0.470567 0.400756 0.471122 0.398566 0.472095 0.398063 0.473691 0.399108 0.473924 0.400601 0.472942 0.406440 0.479861 0.408762 0.483182 0.392377 0.485647 0.383290 0.600183 0.423697 0.600649 0.424736 0.598460 0.433661 0.592675 0.448686 0.595633 0.449794 0.605199 0.425495 0.605944 0.425429 0.697413 0.458287 0.697794 0.459508 0.697257 0.460179 0.696194 0.468969 0.685877 0.484929 0.687204 0.485607 0.683377 0.533847 0.693366 0.549043 0.693558 0.550851 0.692942 0.556222 0.694577 0.556027 0.695559 0.556532 0.696460 0.557399 0.696547 0.558462 0.696119 0.559622 0.692213 0.565955 0.692103 0.570062 0.693131 0.569158 0.694581 0.569292 0.695359 0.569732 0.696177 0.570962 0.695626 0.572665 0.690861 0.579637 0.691161 0.582903 0.692313 0.581455 0.693395 0.581279 0.694442 0.581739 0.694983 0.583464 0.694627 0.585034 0.694496 0.586093 0.690261 0.591938 0.680840 0.719888 0.680084 0.721526 0.667896 0.731717 0.667260 0.733069 0.665954 0.741717 0.661383 0.745903 0.658718 0.748943 0.318571 0.630061 0.318382 0.625983 0.326808 0.603361 0.314059 0.598222 0.310928 0.564949 0.311530 0.562299 0.330721 0.518903 0.332055 0.517939 0.341963 0.521625 0.346776 0.523701 0.347341 0.525612 0.347391 0.537543 0.351276 0.539048 0.378207 0.465192 0.347953 0.454658 0.345386 0.450451 0.344501 0.418928 0.344116 0.415966 0.346619 0.412185 0.365482 0.368684 0.367569 0.368028
4 0.365455 0.368579 0.367731 0.368176 0.439146 0.393066 0.440973 0.395626 0.436616 0.425285 0.420422 0.479903 0.347848 0.454474 0.345175 0.449554 0.344098 0.415716
8 0.440419 0.455327 0.436150 0.469323 0.437041 0.471683 0.443361 0.473781 0.444271 0.471989 0.448164 0.458172 0.446824 0.457055 0.441250 0.454996
8 0.511131 0.469382 0.518605 0.472007 0.515028 0.486778 0.513371 0.486464 0.507356 0.484248
8 0.493809 0.538094 0.501450 0.540803 0.497419 0.556906 0.496334 0.557297 0.490074 0.555269 0.489697 0.553094
8 0.643731 0.541761 0.651392 0.544514 0.649270 0.560249 0.640706 0.557763 0.643282 0.542502
7 0.580912 0.693813 0.593171 0.675460 0.594275 0.674922 0.678850 0.704319 0.677440 0.718670 0.660306 0.736096 0.578536 0.707586 0.578171 0.706652
7 0.580831 0.671419 0.578487 0.685751 0.566983 0.704621 0.458894 0.667003 0.458774 0.666018 0.467816 0.631500 0.469313 0.631973
7 0.697441 0.458389 0.697764 0.459806 0.697205 0.460459 0.696124 0.468834 0.681307 0.492512 0.593137 0.460972 0.593118 0.454601 0.605223 0.425569
7 0.600296 0.423622 0.600491 0.424913 0.598665 0.433670 0.587984 0.459961 0.496399 0.427334 0.496814 0.424744 0.496525 0.423224 0.495833 0.422461 0.494356 0.421858 0.494155 0.421727 0.496653 0.406666 0.495492 0.405687 0.494552 0.405254 0.493978 0.405753 0.493549 0.407386 0.491348 0.416825 0.489719 0.420188 0.488474 0.420339 0.487850 0.420549 0.486852 0.421390 0.486611 0.421178 0.485337 0.418667 0.484265 0.418056 0.483028 0.417664 0.484996 0.404682 0.484919 0.402481 0.483930 0.401760 0.483069 0.401488 0.482448 0.402447 0.481849 0.405591 0.480015 0.412903 0.478936 0.412833 0.483064 0.392370 0.485696 0.383067
0 0.677146 0.609466 0.677371 0.612880 0.676065 0.622297 0.675424 0.626223 0.674529 0.634198 0.675612 0.634934 0.674157 0.647942 0.672011 0.653359 0.670606 0.653308 0.669882 0.656126 0.670171 0.657790 0.669967 0.659790 0.670437 0.661021 0.671255 0.662557 0.661071 0.674378 0.486410 0.612869 0.485473 0.611491 0.485512 0.608751 0.485976 0.606342 0.485661 0.605161 0.486674 0.602532 0.487496 0.599646 0.487913 0.597812 0.488811 0.596424 0.489285 0.594706 0.489401 0.591991 0.489886 0.589490 0.490250 0.588621 0.495118 0.567550 0.498232 0.554575 0.499756 0.548962 0.502432 0.548923 0.503857 0.548882
5 0.482292 0.596023 0.484293 0.599533 0.485275 0.603737 0.485682 0.606997 0.484041 0.614858 0.482734 0.618084 0.481999 0.621322 0.481374 0.625018 0.479478 0.633052 0.478726 0.635100 0.468004 0.631456 0.465783 0.638947 0.463273 0.638099 0.462189 0.637536 0.461929 0.636629 0.460877 0.636132 0.458956 0.635359 0.458364 0.635502 0.457659 0.635939 0.456134 0.635677 0.455435 0.635676 0.444134 0.631883 0.443582 0.630004 0.449892 0.606323 0.450210 0.604719 0.450862 0.604925 0.451454 0.601703 0.453899 0.595658 0.456088 0.592996 0.458636 0.590393 0.461296 0.589145 0.465185 0.588230 0.469480 0.587994 0.473332 0.588881 0.477351 0.591087 0.480535 0.593688
5 0.436191 0.575813 0.439234 0.577383 0.441966 0.579644 0.444436 0.583281 0.446855 0.587145 0.447703 0.591120 0.447892 0.594826 0.447105 0.599196 0.446273 0.604219 0.446394 0.605048 0.440512 0.625733 0.440012 0.628613 0.438857 0.630071 0.426008 0.625644 0.425297 0.624690 0.422235 0.623661 0.420457 0.623099 0.419908 0.623473 0.407475 0.619482 0.406899 0.618388 0.407326 0.614694 0.410681 0.602872 0.411691 0.602280 0.411856 0.599962 0.412537 0.598780 0.413197 0.592244 0.413685 0.588509 0.416197 0.582436 0.418928 0.578802 0.422555 0.576668 0.426296 0.574934 0.430549 0.574577 0.433657 0.574951
2 0.485288 0.612008 0.488966 0.611936 0.492015 0.612077 0.494020 0.613740 0.496894 0.614649 0.498159 0.615734 0.502985 0.617260 0.506413 0.618549 0.509517 0.620491 0.509285 0.624326 0.508889 0.626327 0.510826 0.628036 0.513099 0.630058 0.513942 0.632999 0.515548 0.635907 0.514803 0.639443 0.516740 0.641153 0.517292 0.642562 0.517058 0.644614 0.515761 0.646741 0.514807 0.646850 0.511103 0.646777 0.497489 0.641718 0.478982 0.635182 0.482425 0.620018 0.483721 0.615079
2 0.407059 0.609472 0.406449 0.602540 0.408847 0.598640 0.407383 0.593619 0.405997 0.590108 0.405080 0.571583 0.403653 0.566772 0.401520 0.561737 0.400793 0.557543 0.402551 0.555720 0.407417 0.549826 0.408771 0.544605 0.408980 0.539617 0.410014 0.534692 0.413850 0.527214 0.420612 0.526997 0.425055 0.525405 0.430979 0.527278 0.436191 0.529889 0.447699 0.535132 0.455456 0.538120 0.463800 0.541721 0.469112 0.546289 0.469243 0.550505 0.470585 0.557778 0.466076 0.562453 0.454121 0.569162 0.451925 0.569645 0.441012 0.567372 0.435867 0.566066 0.435839 0.570980 0.435301 0.572951 0.434610 0.575194 0.429921 0.574674 0.426478 0.574656 0.423502 0.576177 0.420549 0.577598 0.417905 0.579651 0.416509 0.582206 0.414762 0.585507 0.413561 0.589194 0.413062 0.591391 0.412122 0.600725 0.409452 0.606089 0.408269 0.610102
2 0.598981 0.652669 0.595611 0.655490 0.592064 0.653703 0.588895 0.654810 0.590700 0.659711 0.595046 0.664194 0.600121 0.665466 0.604462 0.664173 0.611525 0.668294 0.616966 0.673345 0.616476 0.676743 0.626072 0.684218 0.636238 0.688765 0.645077 0.692114 0.653362 0.692513 0.658278 0.689514 0.661847 0.686645 0.664083 0.681356 0.662542 0.676539 0.661173 0.675107 0.661012 0.672502 0.659645 0.669405 0.657128 0.668054 0.650999 0.666450 0.645983 0.664087 0.642225 0.663232 0.636529 0.662208 0.633678 0.661085 0.629249 0.657797 0.626486 0.656701 0.623856 0.657091 0.621134 0.656231 0.617121 0.653185 0.614211 0.653154 0.610538 0.653991 0.608230 0.655038 0.604607 0.654004
