1 0.084973 0.294548 0.165436 0.277116 0.153475 0.239898 0.170626 0.235832 0.169538 0.233020 0.219137 0.221922 0.221037 0.225398 0.273865 0.213736 0.269105 0.198674 0.272579 0.197074 0.484878 0.151709 0.485625 0.152423 0.489040 0.167762 0.493323 0.166899 0.494725 0.148258 0.665507 0.114424 0.669695 0.131795 0.660190 0.146207 0.679762 0.215094 0.702006 0.227374 0.713165 0.265976 0.716236 0.265278 0.718274 0.265697 0.719258 0.268264 0.718193 0.269828 0.715555 0.271896 0.714888 0.272940 0.718213 0.282394 0.721819 0.282052 0.723163 0.282033 0.724076 0.284211 0.724086 0.286021 0.721735 0.287128 0.720469 0.288465 0.720044 0.289609 0.723460 0.299711 0.727125 0.299947 0.727879 0.302335 0.727738 0.303709 0.726308 0.304643 0.724181 0.306101 0.759824 0.437088 0.748352 0.453103 0.757430 0.455039 0.761576 0.470473 0.619868 0.500808 0.268036 0.578262 0.265815 0.576274 0.264508 0.572139 0.260904 0.561031 0.251923 0.562991 0.242250 0.568170 0.217818 0.573702 0.215289 0.571702 0.195257 0.513515 0.197465 0.511298 0.240671 0.500730 0.198986 0.377224 0.197953 0.375957 0.147823 0.387025 0.112204 0.382785 0.109042 0.378783 0.087532 0.316318 0.081351 0.297559
7 0.269346 0.198838 0.275081 0.215755 0.279410 0.218394 0.285833 0.227253 0.290408 0.226982 0.295570 0.231846 0.306882 0.228727 0.305709 0.224603 0.306923 0.223120 0.310152 0.222277 0.311901 0.223306 0.315422 0.226239 0.488462 0.186814 0.489807 0.168946 0.485103 0.152013 0.272137 0.197435
7 0.494802 0.148407 0.492698 0.168012 0.499305 0.186900 0.654869 0.155344 0.669512 0.131520 0.665308 0.114523
7 0.620148 0.476284 0.624523 0.490981 0.637731 0.496281 0.761228 0.470382 0.756743 0.454915 0.734435 0.451796
7 0.604254 0.479750 0.615739 0.484865 0.619771 0.500565 0.457002 0.534410 0.452154 0.518681 0.454931 0.513032
4 0.084803 0.294956 0.081444 0.297742 0.110580 0.379878 0.112249 0.382644 0.149138 0.386172 0.267606 0.361054 0.244185 0.285259 0.217184 0.266902
8 0.382206 0.272127 0.396658 0.269337 0.403562 0.291798 0.389242 0.294393
8 0.415188 0.374390 0.428265 0.371419 0.434605 0.392652 0.421827 0.395398
8 0.273467 0.314067 0.286495 0.311361 0.292703 0.333367 0.279461 0.335869
8 0.625295 0.260060 0.638640 0.257345 0.644545 0.278399 0.631728 0.281205
0 0.433809 0.398380 0.455537 0.463621 0.726485 0.403475 0.728816 0.398549 0.725256 0.398416 0.724571 0.394490 0.731388 0.392627 0.731650 0.390527 0.727169 0.374589 0.725868 0.374571 0.722498 0.362149 0.723543 0.360185 0.719062 0.344247 0.715548 0.344260 0.711529 0.345016 0.709520 0.342176 0.709196 0.341150 0.710832 0.340465 0.710091 0.338121 0.706564 0.337510
