1 0.442639 0.247589 0.443553 0.245186 0.502515 0.261318 0.522236 0.253005 0.566733 0.265199 0.568375 0.262440 0.569096 0.260646 0.572190 0.261087 0.572380 0.262436 0.571063 0.265138 0.570938 0.266024 0.571498 0.267214 0.583267 0.270174 0.584204 0.267637 0.584846 0.265606 0.586067 0.264738 0.588521 0.265525 0.588926 0.267449 0.588074 0.269719 0.587276 0.271600 0.599273 0.274267 0.600193 0.271784 0.601776 0.270196 0.605283 0.269790 0.606159 0.271936 0.604537 0.274717 0.604342 0.275762 0.728236 0.309454 0.737238 0.325016 0.746986 0.318123 0.762432 0.322490 0.730865 0.409941 0.729582 0.410795 0.724205 0.412839 0.721447 0.421778 0.727462 0.423487 0.683705 0.541161 0.682808 0.541645 0.681547 0.541359 0.677500 0.540268 0.625981 0.681209 0.624707 0.681607 0.609748 0.677408 0.609015 0.678444 0.607875 0.681622 0.612686 0.687354 0.612828 0.688188 0.606486 0.703759 0.605656 0.704888 0.603986 0.705253 0.602065 0.704702 0.546491 0.687900 0.545096 0.687182 0.544706 0.686063 0.540186 0.671290 0.544558 0.660026 0.420827 0.627022 0.401092 0.678194 0.398920 0.679597 0.396283 0.679256 0.318798 0.658127 0.316759 0.655252 0.337043 0.605238 0.290011 0.593006 0.289299 0.591724 0.294262 0.579240 0.294814 0.577815 0.293100 0.577770 0.292601 0.577743 0.296658 0.566517 0.297898 0.566454 0.302380 0.554204 0.301913 0.553753 0.306000 0.543396 0.307645 0.543339 0.323944 0.502069 0.321037 0.500978 0.319600 0.501341 0.319089 0.500708 0.319484 0.498816 0.375510 0.353107 0.376592 0.352578 0.380955 0.353569 0.381616 0.351479 0.378105 0.347149 0.378475 0.345338 0.424428 0.229562 0.426414 0.229066 0.426660 0.229896 0.426583 0.230138 0.440934 0.234258 0.441858 0.247735
0 0.622860 0.297722 0.625784 0.297046 0.628051 0.297497 0.629492 0.298654 0.630123 0.299755 0.631649 0.300165 0.632668 0.298537 0.635196 0.297590 0.637625 0.297932 0.650803 0.301659 0.651260 0.302759 0.664689 0.306281 0.665872 0.305868 0.680512 0.309455 0.680525 0.310979 0.679171 0.315077 0.681165 0.315425 0.681811 0.313579 0.682432 0.312985 0.684472 0.313187 0.685547 0.313116 0.687646 0.315481 0.687191 0.317898 0.616568 0.508404 0.614770 0.510566 0.613492 0.510695 0.612464 0.510619 0.612355 0.510962 0.609608 0.509866 0.607451 0.509061 0.551152 0.493548 0.549582 0.490884 0.552196 0.483400
7 0.729986 0.330594 0.747057 0.318125 0.762499 0.322500 0.730838 0.409924 0.729238 0.411049 0.713438 0.417683 0.699187 0.413565 0.698955 0.413022
7 0.711608 0.419081 0.727761 0.423582 0.683870 0.541017 0.682816 0.541610 0.680446 0.540876 0.676394 0.539613 0.670236 0.538450 0.666962 0.537169 0.666919 0.537105 0.654444 0.535025 0.654652 0.533567 0.694961 0.424323 0.697433 0.424131 0.709317 0.419249
7 0.424471 0.229568 0.426477 0.229244 0.426718 0.229521 0.426570 0.229989 0.441100 0.234290 0.442720 0.253469 0.400392 0.361394 0.399170 0.361729 0.394135 0.360418 0.392130 0.356791 0.383435 0.354593 0.378636 0.347549 0.378266 0.346018
7 0.399352 0.367086 0.392196 0.356888 0.376512 0.352612 0.375470 0.353241 0.318889 0.500366 0.319247 0.501199 0.320259 0.501504 0.321123 0.501437 0.322812 0.501708 0.334497 0.504737 0.345476 0.505429
8 0.423037 0.459389 0.420032 0.467349 0.420803 0.468885 0.439555 0.473854 0.440386 0.473214 0.443401 0.464783
8 0.520303 0.486447 0.517691 0.494708 0.518689 0.495837 0.536383 0.500757 0.537625 0.499891 0.540983 0.491717 0.539221 0.490251 0.522381 0.485689
8 0.410690 0.544895 0.408427 0.545494 0.405917 0.553652 0.406650 0.555049 0.424805 0.559933 0.425782 0.558808 0.429153 0.550552 0.427847 0.549435
4 0.440641 0.578146 0.440977 0.579729 0.401412 0.677430 0.399659 0.679336 0.395796 0.678990 0.318278 0.657664 0.317079 0.655177 0.353955 0.563333 0.356215 0.561808 0.366095 0.557672
5 0.644081 0.518937 0.645076 0.519725 0.644733 0.521335 0.642764 0.526513 0.643432 0.529125 0.643557 0.531615 0.643871 0.534320 0.642716 0.537757 0.641474 0.539960 0.639345 0.542597 0.637420 0.544587 0.635514 0.545656 0.632634 0.553902 0.631607 0.554131 0.601789 0.546435 0.599919 0.545664 0.593253 0.534614 0.594617 0.529434 0.600019 0.514075 0.610961 0.512456 0.618525 0.512903 0.623197 0.512577 0.625381 0.512784 0.628596 0.513398 0.632387 0.514780 0.634108 0.515806 0.635829 0.516833 0.642890 0.518436
5 0.630193 0.557822 0.631364 0.559006 0.628361 0.567364 0.629038 0.569133 0.629260 0.571367 0.629369 0.573139 0.629226 0.574897 0.628205 0.578290 0.627320 0.580272 0.626173 0.582108 0.624998 0.583544 0.623620 0.584804 0.622193 0.585571 0.621371 0.586214 0.618996 0.592750 0.618143 0.593167 0.607082 0.590350 0.604156 0.589991 0.602810 0.589685 0.599208 0.588692 0.597138 0.587742 0.594145 0.586451 0.586623 0.584656 0.579707 0.573608 0.582308 0.564242 0.584605 0.558606 0.586946 0.553809 0.599357 0.548942 0.628273 0.556732
8 0.519434 0.306158 0.516427 0.314994 0.518194 0.316601 0.535906 0.321286 0.537093 0.320230 0.540126 0.311761 0.539525 0.310962 0.520372 0.305889
2 0.673700 0.411749 0.677213 0.411570 0.681016 0.414929 0.681832 0.417611 0.687397 0.419851 0.686927 0.425387 0.682700 0.440377 0.680014 0.447254 0.677042 0.453415 0.675651 0.457006 0.672353 0.462984 0.666945 0.467941 0.657691 0.471699 0.651254 0.472624 0.640873 0.468205 0.641063 0.463148 0.643203 0.459619 0.641585 0.455020 0.640275 0.451467 0.644452 0.443518 0.647606 0.438809 0.650211 0.432999 0.651598 0.426586 0.655959 0.418462 0.660067 0.413970 0.668179 0.411797
2 0.582411 0.562449 0.578219 0.559994 0.574712 0.557994 0.571652 0.557199 0.566302 0.557287 0.561231 0.557238 0.555930 0.559042 0.551585 0.561563 0.548989 0.565284 0.548835 0.570262 0.552629 0.577338 0.554262 0.583022 0.558363 0.587262 0.565526 0.590793 0.570834 0.594204 0.577358 0.596387 0.583868 0.593755 0.588544 0.591309 0.591997 0.590489 0.596461 0.587593 0.588532 0.579377 0.586071 0.576312 0.583831 0.567684
