8 0.349091 0.613889 0.027773 0.271525
8 0.452405 0.578020 0.026169 0.272377
8 0.395772 0.718868 0.026616 0.270880
8 0.322863 0.356259 0.029274 0.271815
7 0.154239 0.340146 0.172492 0.334971 0.195360 0.337652 0.243903 0.510060 0.224356 0.521997 0.206552 0.527854 0.154603 0.340455
7 0.211784 0.537563 0.230033 0.522492 0.243577 0.519364 0.288143 0.672550 0.296967 0.704509 0.298610 0.707445 0.296730 0.710343 0.297342 0.714758 0.299968 0.716002 0.301425 0.715541 0.302060 0.718335 0.295237 0.733855 0.290659 0.746361 0.274760 0.751154 0.259425 0.699126 0.250304 0.669293 0.236378 0.623466 0.223275 0.578687 0.215299 0.552177
7 0.522891 0.233770 0.534755 0.220319 0.552574 0.214688 0.554903 0.221122 0.579163 0.359420 0.564100 0.365716 0.549152 0.365831
7 0.555183 0.385452 0.568254 0.379939 0.583079 0.378327 0.617643 0.554340 0.600798 0.560432 0.585126 0.542082
4 0.348689 0.804047 0.349998 0.792089 0.353368 0.776546 0.355317 0.758966 0.356817 0.757134 0.429815 0.732483 0.433597 0.733097 0.437237 0.745746 0.440869 0.760885 0.445746 0.781511 0.450342 0.794988 0.454348 0.814307 0.457408 0.830305 0.460115 0.840534 0.463331 0.858065 0.464655 0.868957 0.464924 0.884481 0.464595 0.889786 0.462035 0.892858 0.385181 0.918258 0.381042 0.917757
5 0.541450 0.539969 0.567185 0.532067 0.570531 0.535118 0.573921 0.549311 0.577245 0.558828 0.580417 0.563305 0.580763 0.576502 0.577142 0.586844 0.568102 0.595962 0.558837 0.597521 0.551561 0.596884 0.547173 0.594357 0.541038 0.589251 0.537132 0.585202 0.532340 0.581628 0.526657 0.556615 0.533103 0.553600 0.538047 0.554190 0.539387 0.552788 0.538739 0.545556 0.537826 0.541540
5 0.540622 0.610781 0.549067 0.595392 0.556025 0.598282 0.563784 0.597395 0.572347 0.595668 0.576212 0.591511 0.578673 0.587015 0.580900 0.585137 0.582877 0.590188 0.584547 0.598270 0.586787 0.608129 0.590643 0.614151 0.592476 0.620030 0.593694 0.629038 0.590054 0.640756 0.585015 0.647045 0.576795 0.651012 0.566654 0.653825 0.561255 0.651226 0.554541 0.646498 0.552584 0.640072 0.549641 0.638067 0.546739 0.636244 0.543272 0.627555
1 0.640913 0.682123 0.649411 0.725185 0.634082 0.729247 0.638498 0.751658 0.648681 0.768009 0.652699 0.790808 0.592964 0.811838 0.590610 0.810234 0.574484 0.766994 0.571969 0.751547 0.450367 0.795476 0.458542 0.834379 0.463044 0.855656 0.465917 0.877057 0.463876 0.889247 0.461620 0.893844 0.385968 0.918534 0.381292 0.917663 0.355826 0.827475 0.316960 0.839953 0.314150 0.828316 0.311603 0.829513 0.297781 0.784736 0.299554 0.783784 0.289824 0.747525 0.274721 0.751124 0.212342 0.542262 0.211275 0.538295 0.213604 0.535406 0.222503 0.530050 0.221640 0.524061 0.206703 0.528389 0.154095 0.340639 0.175615 0.334621 0.176400 0.335156 0.177317 0.334084 0.256125 0.307222 0.271727 0.278809 0.506063 0.206258 0.528645 0.220937 0.539775 0.216637 0.542117 0.217462 0.552186 0.215063 0.555329 0.220136 0.556832 0.235512 0.579547 0.359575 0.575856 0.362306 0.579393 0.378605 0.583325 0.379123 0.618113 0.554871 0.613965 0.555595
