7 0.250975 0.363909 0.386309 0.396352 0.386076 0.400255 0.392621 0.416439 0.387029 0.426757 0.262363 0.399563 0.244687 0.381698
7 0.403551 0.400564 0.576999 0.441017 0.565951 0.466486 0.402947 0.431996 0.398509 0.419683
7 0.319911 0.785157 0.325635 0.768102 0.335964 0.751230 0.521271 0.786831 0.525532 0.792322 0.530051 0.792783 0.531900 0.790094 0.533727 0.788530 0.542430 0.790508 0.545615 0.795189 0.553071 0.812709 0.548709 0.831785
7 0.308547 0.783680 0.124987 0.743831 0.131274 0.725603 0.158722 0.710397 0.327655 0.746544 0.326955 0.753756
8 0.245577 0.613155 0.270122 0.026806
8 0.512064 0.597079 0.271175 0.025994
8 0.480383 0.704222 0.271304 0.027876
8 0.606535 0.711620 0.272321 0.028114
4 0.642380 0.683522 0.750769 0.707654 0.800966 0.725473 0.802588 0.729541 0.778662 0.815373 0.775130 0.818271 0.640095 0.791045 0.617883 0.763798 0.642108 0.683460
5 0.542258 0.474007 0.561841 0.478284 0.571928 0.478717 0.579812 0.483813 0.593394 0.486279 0.589437 0.498803 0.590795 0.502209 0.587119 0.509222 0.583620 0.518752 0.567580 0.527912 0.537705 0.521537 0.534729 0.516318 0.535692 0.510961 0.529033 0.507383 0.539655 0.475309 0.541019 0.475618
5 0.597716 0.485316 0.615963 0.489970 0.625656 0.490107 0.632636 0.491900 0.641960 0.496289 0.647987 0.497246 0.647612 0.504595 0.649209 0.510328 0.648103 0.519989 0.642333 0.529003 0.631871 0.535919 0.620554 0.537065 0.594342 0.532969 0.586528 0.521487 0.589229 0.509091 0.595325 0.495194 0.595866 0.488089
1 0.577441 0.443557 0.767632 0.484344 0.770475 0.487674 0.766772 0.501702 0.780626 0.504849 0.796307 0.502217 0.820244 0.508894 0.821120 0.510746 0.803818 0.571659 0.760999 0.570811 0.750507 0.567807 0.714465 0.699500 0.753940 0.707849 0.800867 0.725739 0.803494 0.731292 0.778961 0.815091 0.774214 0.818555 0.684906 0.800743 0.673210 0.840834 0.656508 0.837452 0.655612 0.839520 0.606361 0.829753 0.605502 0.827079 0.551459 0.817072 0.548149 0.831396 0.320121 0.784338 0.325186 0.770620 0.317464 0.768865 0.308034 0.784070 0.125786 0.743489 0.131615 0.725815 0.145533 0.717206 0.170637 0.645467 0.156192 0.623393 0.169511 0.579703 0.166559 0.579032 0.167626 0.574112 0.172640 0.574425 0.176281 0.560590 0.172193 0.559661 0.174668 0.555680 0.177394 0.556299 0.180731 0.543428 0.179113 0.541614 0.180452 0.537376 0.182331 0.537596 0.228964 0.400041 0.251579 0.390104 0.244109 0.381385 0.250802 0.363287 0.384528 0.396148 0.385764 0.399939 0.401979 0.404862 0.403590 0.401304 0.576846 0.440393
