7 0.257211 0.243823 0.283914 0.236554 0.395892 0.268114 0.394724 0.288460 0.376270 0.300664 0.254955 0.267199 0.254326 0.264324 0.253615 0.263982 0.254389 0.263180 0.254837 0.262507 0.256132 0.244645
7 0.414141 0.270615 0.398959 0.280898 0.398053 0.281708 0.398652 0.282933 0.398342 0.284297 0.395243 0.303171 0.394870 0.303906 0.559774 0.352673 0.564124 0.331402 0.566205 0.328901 0.567818 0.317560 0.566819 0.315296
7 0.546897 0.693959 0.544598 0.726988 0.540755 0.740986 0.540052 0.741156 0.372682 0.690320 0.372687 0.689998 0.374466 0.679345 0.374243 0.678115 0.374097 0.677449 0.373617 0.676947 0.373487 0.676312 0.373799 0.675440 0.375470 0.674324 0.382276 0.658506 0.388620 0.642394 0.389951 0.639232 0.519742 0.677689 0.519596 0.680648 0.521028 0.683432 0.523093 0.684395 0.525335 0.685156 0.524069 0.702526 0.524788 0.704774 0.526132 0.705043 0.527495 0.704646 0.528403 0.701617 0.529828 0.688960 0.530968 0.688388 0.531894 0.686245 0.532293 0.685646 0.533871 0.684694 0.535523 0.684958 0.537170 0.688535 0.541949 0.690305 0.540348 0.705860 0.540777 0.709000 0.542041 0.709814 0.543188 0.710177 0.543601 0.709323 0.544560 0.707036 0.545219 0.704135 0.546044 0.693154 0.546743 0.693168
7 0.382440 0.638916 0.380714 0.651808 0.365541 0.689890 0.364462 0.690360 0.233349 0.651273 0.232332 0.646427 0.232829 0.640709 0.232419 0.638486 0.232402 0.636793 0.232849 0.635583 0.233555 0.634996 0.234495 0.634888 0.234873 0.633725 0.257144 0.601938
5 0.571088 0.357488 0.586557 0.361941 0.587316 0.363492 0.588203 0.363663 0.588669 0.364466 0.588728 0.367871 0.583346 0.394797 0.582204 0.399823 0.581243 0.403504 0.580107 0.407130 0.579198 0.409204 0.576722 0.414325 0.574474 0.416788 0.572113 0.418920 0.569052 0.420830 0.565412 0.422262 0.562103 0.423061 0.557261 0.423449 0.552129 0.422639 0.547823 0.420392 0.543842 0.416993 0.539473 0.411996 0.536478 0.406178 0.535149 0.400740 0.534804 0.395096 0.535254 0.389260 0.535767 0.386175 0.534191 0.385677 0.541132 0.353187 0.541563 0.350740 0.543229 0.350012 0.560788 0.355046 0.561955 0.355415 0.562339 0.356420 0.563307 0.356750 0.563639 0.356524 0.564382 0.356522 0.565588 0.356951 0.566904 0.357248 0.567071 0.357751 0.568377 0.358093 0.569446 0.357981 0.569618 0.358722 0.570509 0.358784
5 0.591697 0.366144 0.592751 0.363977 0.594252 0.364605 0.606261 0.368605 0.614097 0.371248 0.614382 0.371974 0.619060 0.373415 0.619331 0.373079 0.639993 0.379419 0.640994 0.384452 0.636775 0.402175 0.635357 0.401689 0.635048 0.403624 0.634595 0.403902 0.635294 0.406692 0.635608 0.411316 0.635133 0.415269 0.634128 0.419553 0.632228 0.424627 0.629878 0.428677 0.627562 0.431434 0.624579 0.433981 0.622784 0.435445 0.620310 0.436465 0.618307 0.437558 0.615956 0.438464 0.613662 0.439119 0.610252 0.439265 0.607128 0.438737 0.604176 0.438212 0.600437 0.436775 0.597969 0.435076 0.595691 0.433488 0.593242 0.431132 0.591242 0.428510 0.589580 0.425739 0.588307 0.422581 0.587210 0.419224 0.586099 0.416117 0.584634 0.413052 0.583476 0.411104 0.582734 0.409798 0.582231 0.409536 0.583060 0.404747 0.583237 0.402251 0.583864 0.399490 0.584411 0.399561 0.589020 0.381168 0.588488 0.380081
8 0.593408 0.601574 0.604679 0.605137 0.599006 0.628134 0.587944 0.624788
4 0.687349 0.608150 0.731049 0.620854 0.732626 0.623122 0.746626 0.666098 0.748083 0.667669 0.747597 0.669655 0.746307 0.672415 0.745677 0.673656 0.744807 0.675644 0.717669 0.746469 0.715991 0.747255 0.714646 0.748722 0.634048 0.724065 0.609627 0.717208 0.608004 0.715296 0.606772 0.712274 0.606407 0.709420 0.606058 0.703941 0.604515 0.674818 0.626289 0.589938 0.627610 0.590061
8 0.516054 0.483000 0.525921 0.485608 0.521099 0.510112 0.509544 0.506537 0.513128 0.489180 0.515553 0.485206
8 0.492578 0.590490 0.503315 0.594149 0.498377 0.616289 0.487470 0.612787
8 0.301557 0.495797 0.315183 0.500701 0.309404 0.524874 0.295581 0.519566
0 0.266036 0.338129 0.266435 0.336210 0.269074 0.334308 0.271633 0.333864 0.283998 0.328510 0.530701 0.398285 0.531777 0.401112 0.529011 0.416729 0.529220 0.417532 0.528751 0.419595 0.528211 0.420253 0.526463 0.428637 0.526842 0.429033 0.526608 0.430065 0.525970 0.431153 0.515176 0.482465 0.515795 0.484103 0.515514 0.485344 0.514802 0.485658 0.514161 0.486605 0.513883 0.487560 0.513101 0.488858 0.511844 0.489431 0.509264 0.489119 0.506331 0.488622 0.266112 0.419604 0.263920 0.417787 0.261835 0.415779 0.261490 0.413946 0.261356 0.412855 0.261433 0.411680 0.254590 0.409367 0.255218 0.395118 0.254518 0.394616 0.254638 0.393494 0.255402 0.392815 0.256021 0.390090 0.256176 0.389259 0.257322 0.386300 0.258728 0.373541 0.257843 0.372661 0.256936 0.372174 0.256804 0.370812 0.257722 0.366621 0.258346 0.357456 0.259174 0.352316 0.262040 0.348061 0.263563 0.346919 0.268672 0.348064 0.269524 0.339231
3 0.355756 0.489777 0.355730 0.491597 0.358243 0.492718 0.358838 0.493755 0.361283 0.494201 0.366492 0.495391 0.370527 0.497123 0.376612 0.500549 0.386669 0.505492 0.395783 0.510202 0.405946 0.516876 0.424211 0.531989 0.424705 0.531035 0.414114 0.521613 0.407490 0.515927 0.405048 0.513523 0.402642 0.512174 0.399055 0.509930 0.396653 0.508322 0.393524 0.506745 0.388798 0.504402 0.386299 0.503220 0.386727 0.502310 0.390298 0.502917 0.401413 0.504668 0.416149 0.518012 0.415759 0.516321 0.411579 0.512061 0.409339 0.509981 0.408899 0.508993 0.419457 0.516119 0.427168 0.520189 0.431791 0.521520 0.433675 0.521267 0.433684 0.519768 0.431244 0.518082 0.431263 0.519459 0.420195 0.515307 0.415628 0.512753 0.409327 0.508084 0.405443 0.503982 0.405834 0.502016 0.403951 0.501290 0.403159 0.501367 0.395355 0.498442 0.386121 0.495719 0.379620 0.494121 0.376456 0.493186 0.368214 0.490972 0.361280 0.489825 0.358550 0.489419
3 0.354618 0.464133 0.357163 0.464345 0.369756 0.474643 0.380686 0.478444 0.380916 0.479454 0.415143 0.489535 0.416114 0.489496 0.427342 0.493836 0.427471 0.494370 0.428129 0.494973 0.427985 0.495421 0.427759 0.495497 0.413122 0.491067 0.412387 0.489700 0.409262 0.488909 0.415108 0.498160 0.417595 0.499736 0.418518 0.500274 0.418486 0.501152 0.420679 0.501994 0.420572 0.502651 0.412152 0.499497 0.410834 0.497818 0.407524 0.496651 0.409083 0.499402 0.408395 0.499621 0.406143 0.498592 0.404717 0.497031 0.403929 0.495474 0.403534 0.494993 0.399030 0.493529 0.397117 0.491995 0.395190 0.490870 0.393817 0.489864 0.392077 0.489200 0.391353 0.488971 0.390711 0.489990 0.385969 0.487964 0.398575 0.499541 0.393735 0.498048 0.376929 0.483046 0.375919 0.482205 0.374794 0.481738 0.373690 0.481314 0.361209 0.477033 0.359591 0.475814 0.357994 0.475197 0.356713 0.474718 0.355600 0.473919 0.355133 0.473473 0.356678 0.472508 0.358659 0.472687 0.365449 0.473939 0.357024 0.466395
1 0.275112 0.238993 0.276022 0.230738 0.282440 0.224793 0.287381 0.223483 0.763225 0.357399 0.764152 0.362369 0.755507 0.392029 0.771908 0.397387 0.794506 0.426530 0.794741 0.429376 0.769004 0.504560 0.766382 0.505117 0.745177 0.498932 0.743863 0.496958 0.738240 0.483575 0.727482 0.480520 0.687405 0.608507 0.730948 0.621060 0.732499 0.623283 0.747945 0.669047 0.746416 0.672547 0.745255 0.674396 0.717637 0.746826 0.714680 0.749000 0.648114 0.729057 0.645570 0.737784 0.631331 0.733365 0.629701 0.738071 0.617829 0.734981 0.617182 0.735357 0.603348 0.731315 0.602982 0.730453 0.591477 0.726982 0.592873 0.721455 0.562274 0.712362 0.561272 0.713371 0.559274 0.713817 0.556867 0.712973 0.556900 0.710663 0.546007 0.706971 0.544679 0.727354 0.540758 0.741530 0.539704 0.741528 0.372815 0.690736 0.374503 0.679659 0.374250 0.678197 0.373751 0.677555 0.373523 0.676239 0.374315 0.675591 0.375255 0.675059 0.382251 0.658956 0.378407 0.658087 0.365713 0.689735 0.364452 0.690649 0.233401 0.651782 0.232245 0.646715 0.232733 0.641178 0.232473 0.636476 0.234314 0.634831 0.249370 0.612866 0.253765 0.542412 0.252729 0.539279 0.240011 0.520164 0.239549 0.516966 0.241800 0.480890 0.242067 0.479407 0.241342 0.477363 0.241771 0.474859 0.242466 0.472109 0.234939 0.477236 0.232735 0.476787 0.231043 0.475922 0.230984 0.474336 0.231952 0.471920 0.232370 0.471310 0.243125 0.461512 0.244468 0.440821 0.231568 0.437240 0.229689 0.436349 0.228361 0.435083 0.227028 0.433052 0.226837 0.431679 0.227559 0.431187 0.230478 0.431136 0.244913 0.435530 0.249861 0.354479 0.254794 0.266887 0.254456 0.264456 0.253658 0.264053 0.253769 0.263563 0.254569 0.262841 0.256058 0.245089 0.257384 0.244009
3 0.456977 0.530751 0.447913 0.530090 0.445172 0.529680 0.443595 0.531234 0.441505 0.532777 0.439075 0.532693 0.435997 0.534450 0.434586 0.534612 0.432753 0.535114 0.430112 0.535901 0.427706 0.536154 0.423504 0.536245 0.420411 0.536006 0.421094 0.536900 0.419950 0.537156 0.419053 0.537205 0.418926 0.536880 0.419555 0.536414 0.418383 0.535901 0.417692 0.536110 0.416963 0.537019 0.417433 0.537785 0.415976 0.537466 0.414005 0.537461 0.411964 0.537765 0.410524 0.538259 0.409435 0.538627 0.406663 0.538605 0.403649 0.537700 0.401521 0.537502 0.400602 0.537829 0.399022 0.537519 0.396596 0.537037 0.397181 0.535703 0.395751 0.536153 0.390453 0.538176 0.387518 0.538311 0.385375 0.538047 0.385069 0.538069 0.381774 0.537145 0.382069 0.538715 0.383685 0.539758 0.381709 0.540078 0.382054 0.540542 0.389755 0.541027 0.392935 0.541796 0.397365 0.542133 0.407682 0.543445 0.402721 0.541700 0.396491 0.540911 0.393765 0.540345 0.390990 0.539999 0.392568 0.538785 0.395568 0.539024 0.398576 0.540330 0.406024 0.541267 0.409849 0.541177 0.424676 0.539602 0.433684 0.538964 0.435727 0.538783 0.436829 0.536355 0.439303 0.536487 0.441474 0.533983 0.443453 0.533427 0.444532 0.531760 0.446555 0.531454 0.448412 0.531214 0.451177 0.532266 0.453623 0.531858 0.456558 0.531722
3 0.417377 0.548940 0.419571 0.549497 0.424712 0.552149 0.429192 0.555414 0.434614 0.559387 0.437214 0.561988 0.437112 0.562435 0.434122 0.560532 0.431444 0.559548 0.429922 0.558588 0.425898 0.557658 0.425220 0.556554 0.429565 0.557859 0.432661 0.559043 0.433538 0.559526 0.429653 0.556450 0.426696 0.554145 0.423878 0.552502 0.420952 0.550824 0.418343 0.549794
3 0.424437 0.570201 0.419110 0.565816 0.415139 0.562181 0.409959 0.560029 0.405173 0.558066 0.399925 0.556214 0.399162 0.555973 0.407302 0.562855 0.410605 0.565828 0.414225 0.568130 0.421338 0.573530 0.427062 0.577848 0.426814 0.578219 0.423892 0.576203 0.418026 0.572033 0.418520 0.573218 0.420136 0.574501 0.420699 0.575386 0.419285 0.575132 0.418062 0.574037 0.411064 0.568610 0.410412 0.569561 0.409625 0.569184 0.408521 0.567806 0.406153 0.565514 0.403689 0.563642 0.399757 0.561756 0.392015 0.558665 0.386151 0.556168 0.379995 0.553514 0.374872 0.551831 0.368784 0.549841 0.360674 0.547149 0.354918 0.545136 0.349326 0.543111 0.347328 0.543509 0.345915 0.543255 0.345073 0.544082 0.342296 0.543590 0.340852 0.542747 0.340094 0.541286 0.340898 0.540383 0.342011 0.540284 0.341540 0.539235 0.339747 0.538732 0.335726 0.537718 0.333189 0.537367 0.321990 0.535562 0.318795 0.535710 0.315963 0.534988 0.315766 0.533299 0.318586 0.533335 0.321262 0.534010 0.325878 0.534443 0.333803 0.535322 0.341027 0.536407 0.349263 0.536872 0.352186 0.538052 0.357467 0.539212 0.362082 0.540341 0.365144 0.540744 0.367964 0.540457 0.370303 0.541056 0.371033 0.541710 0.373178 0.542812 0.373835 0.543256 0.372722 0.543940 0.371048 0.543929 0.368338 0.543025 0.366550 0.543166 0.364737 0.543064 0.362760 0.542628 0.360614 0.542232 0.357845 0.541592 0.356596 0.541291 0.355399 0.541290 0.353655 0.540880 0.351247 0.542521 0.362033 0.546354 0.382377 0.553634 0.402538 0.562080 0.394240 0.554347 0.390980 0.553234 0.384074 0.551630 0.381939 0.551287 0.384831 0.550461 0.387293 0.549209 0.385320 0.547383 0.383787 0.545779 0.381866 0.543883 0.380727 0.542996 0.380166 0.543170 0.378618 0.541626 0.377500 0.540482 0.376016 0.539310 0.373762 0.538246 0.370507 0.536514 0.369205 0.536014 0.367178 0.535593 0.365827 0.536133 0.364637 0.536943 0.362478 0.536612 0.360762 0.535806 0.360511 0.534452 0.361576 0.533207 0.362218 0.532839 0.360671 0.531779 0.360586 0.531005 0.361259 0.530339 0.362547 0.530570 0.364219 0.531407 0.366099 0.532309 0.368500 0.532233 0.367971 0.530733 0.365796 0.529003 0.363989 0.527141 0.363301 0.525533 0.363836 0.525404 0.366133 0.527521 0.367766 0.528484 0.368703 0.529177 0.369642 0.530417 0.370479 0.531179 0.373751 0.529929 0.375969 0.529985 0.378779 0.530029 0.380212 0.529836 0.381206 0.530647 0.381924 0.530824 0.382702 0.530176 0.387298 0.528103 0.389251 0.528026 0.390511 0.528225 0.390793 0.529208 0.390273 0.530385 0.388732 0.531238 0.386474 0.531915 0.383917 0.532795 0.382728 0.533214 0.382526 0.533547 0.381792 0.533812 0.381041 0.533971 0.380100 0.534220 0.378676 0.533820 0.378113 0.533890 0.377468 0.534133 0.376801 0.533922 0.376463 0.534113 0.375722 0.534227 0.375101 0.534179 0.374935 0.534723 0.375165 0.535193 0.376442 0.536242 0.377300 0.536911 0.377852 0.537632 0.378624 0.538124 0.379006 0.539039 0.380178 0.539807 0.380636 0.540200 0.381037 0.540475 0.381004 0.541364 0.381240 0.541792 0.384036 0.543539 0.384252 0.543176 0.385058 0.544019 0.385678 0.544804 0.387006 0.545695 0.389212 0.547844 0.390933 0.549055 0.391634 0.549630 0.394326 0.552130 0.396434 0.552953 0.407444 0.556473 0.409616 0.557748 0.410544 0.558787 0.412934 0.559543 0.415182 0.560921 0.416454 0.561911 0.417819 0.562932 0.423600 0.568684 0.424861 0.569868 0.424824 0.570327
3 0.461017 0.478424 0.462229 0.477684 0.461324 0.477072 0.459112 0.476808 0.458262 0.476901 0.456724 0.476777 0.455124 0.475982 0.454274 0.475532 0.451588 0.475733 0.449803 0.476292 0.448078 0.476181 0.446652 0.476238 0.445572 0.476802 0.445646 0.477695 0.446298 0.478879 0.447324 0.479095 0.449321 0.478820 0.451541 0.478508 0.453966 0.477970 0.455368 0.478015 0.456647 0.479144 0.458084 0.480794 0.461721 0.500746 0.462192 0.499482 0.462134 0.497978 0.461744 0.496587 0.461646 0.492825 0.461142 0.490854 0.460890 0.488854 0.460702 0.486440 0.460020 0.483761 0.459619 0.482148 0.459158 0.480662 0.459289 0.479545
3 0.346182 0.476461 0.345911 0.475344 0.347006 0.475141 0.348303 0.476100 0.348893 0.476837 0.348682 0.477251 0.349341 0.477941 0.349264 0.478535 0.348692 0.478492 0.347145 0.477865 0.346425 0.476675
3 0.352686 0.482709 0.353609 0.483002 0.353725 0.483519 0.352992 0.484181 0.352136 0.484873 0.351025 0.486171 0.349741 0.487208 0.347681 0.489100 0.346752 0.490112 0.345108 0.492479 0.345916 0.493340 0.345150 0.493902 0.343937 0.493619 0.343197 0.494440 0.344174 0.495200 0.344994 0.495711 0.345505 0.496274 0.344276 0.496438 0.342579 0.495851 0.341747 0.496141 0.342810 0.497079 0.343393 0.497515 0.344476 0.497807 0.344311 0.498157 0.342181 0.498538 0.341183 0.498624 0.340147 0.499250 0.341401 0.500099 0.342098 0.500219 0.342471 0.500638 0.340759 0.501051 0.340243 0.500888 0.340067 0.502038 0.339896 0.503540 0.339074 0.504536 0.337788 0.503828 0.338995 0.501699 0.339120 0.500583 0.339289 0.499280 0.338799 0.498624 0.337015 0.497859 0.336738 0.497018 0.336204 0.495242 0.336771 0.492559 0.338465 0.491286 0.340311 0.491217 0.340981 0.491077 0.340397 0.490089 0.342199 0.488901 0.343919 0.487888 0.344881 0.487589 0.345980 0.487434 0.345920 0.486763 0.345391 0.486093 0.346295 0.484923 0.347481 0.484946 0.348946 0.485058 0.349823 0.484381 0.350997 0.483898 0.351800 0.483549
3 0.311577 0.475991 0.312924 0.476536 0.314016 0.476642 0.314640 0.477019 0.315337 0.478197 0.315768 0.478752 0.315885 0.478909 0.315285 0.479318 0.314206 0.479156 0.313780 0.479021 0.312462 0.478126 0.311626 0.477562 0.311187 0.477484 0.311018 0.476891
3 0.319899 0.490833 0.322285 0.491789 0.323361 0.492938 0.323694 0.494337 0.322174 0.496785 0.319390 0.496730 0.316458 0.496559 0.314766 0.495543 0.314278 0.494358 0.312782 0.494022 0.311611 0.493790 0.311279 0.492172 0.310798 0.491470 0.311850 0.490429 0.313035 0.490597 0.314411 0.491719 0.316444 0.492774 0.317274 0.492968 0.318380 0.491943 0.319592 0.491226
3 0.304306 0.488249 0.305615 0.487358 0.307055 0.486919 0.308903 0.487503 0.309595 0.487791 0.310265 0.487659 0.311903 0.488658 0.310187 0.489284 0.310270 0.490204 0.309534 0.490109 0.308832 0.489612 0.308068 0.488614 0.307238 0.488420 0.305342 0.488302 0.304570 0.488883 0.304294 0.489071
3 0.293526 0.493496 0.291696 0.493275 0.290885 0.493376 0.289055 0.493155 0.287044 0.493736 0.285776 0.493979 0.285529 0.495331 0.288146 0.497160 0.289393 0.498342 0.291437 0.499488 0.292640 0.499797 0.293399 0.499393 0.292261 0.497460 0.292156 0.496854 0.291297 0.496368 0.291131 0.496029 0.292509 0.495034 0.292909 0.494874 0.293740 0.494422 0.294189 0.493777
3 0.296691 0.489703 0.297846 0.489424 0.298460 0.490191 0.299176 0.490775 0.299761 0.490602 0.299922 0.491226 0.299997 0.491964 0.300955 0.492553 0.301535 0.493738 0.301590 0.494829 0.301110 0.495607 0.300397 0.495811 0.299638 0.496215 0.298277 0.496071 0.297277 0.495397 0.296425 0.495414 0.295082 0.494918 0.294638 0.494205 0.294190 0.492704 0.295375 0.492292 0.296191 0.491906 0.296527 0.491225 0.296679 0.490558
3 0.289769 0.514843 0.291916 0.514734 0.293232 0.515079 0.293469 0.515369 0.292744 0.516427 0.291321 0.516550 0.289707 0.516183 0.289006 0.515532 0.289686 0.514674
3 0.317248 0.511849 0.318552 0.512540 0.319307 0.513779 0.318017 0.514483 0.316339 0.514398 0.315146 0.514465 0.314078 0.512737 0.315275 0.511615 0.317060 0.511846
3 0.322280 0.554312 0.371228 0.550801 0.374551 0.551851 0.366083 0.552363 0.370816 0.553424 0.374668 0.553772 0.375649 0.554590 0.371568 0.554169 0.365279 0.553196 0.363136 0.553170 0.364415 0.554299 0.369224 0.556109 0.375088 0.557601 0.372371 0.557394 0.367012 0.555845 0.363444 0.554789 0.362191 0.553813 0.360732 0.553207 0.360144 0.553094 0.356987 0.553472 0.321878 0.555271
3 0.361100 0.529969 0.348615 0.524221 0.345246 0.523817 0.341942 0.523132 0.340355 0.523171 0.340409 0.523608 0.344592 0.526251 0.346208 0.527423 0.355518 0.532587 0.358325 0.533895 0.359790 0.534839 0.360921 0.534115 0.359326 0.533071 0.356538 0.532129 0.354174 0.530662 0.350507 0.528662 0.348143 0.527194 0.345574 0.525961 0.344998 0.525359 0.346527 0.525122 0.348401 0.525835 0.351338 0.527243 0.355129 0.528922 0.357961 0.531018 0.359701 0.531869 0.360357 0.531896
3 0.359125 0.534628 0.352027 0.537428 0.353116 0.538012 0.355679 0.538822 0.357836 0.538964 0.362492 0.536833 0.360556 0.535501 0.359622 0.534906
3 0.365167 0.537379 0.367198 0.538742 0.369324 0.540134 0.370122 0.540206 0.368259 0.538777 0.367123 0.538177 0.365683 0.537122 0.365145 0.537252
3 0.374531 0.549214 0.374166 0.548422 0.374890 0.548009 0.375389 0.548336 0.375777 0.548898 0.377058 0.548931 0.377229 0.549188 0.376968 0.549579 0.376295 0.549771 0.375054 0.549683 0.374559 0.549594
3 0.375444 0.550617 0.386412 0.549489 0.384075 0.550575 0.382176 0.550988 0.380765 0.551151 0.378820 0.551516 0.377606 0.551436 0.376468 0.551279 0.375231 0.550922
3 0.379280 0.546085 0.380518 0.546308 0.382025 0.546987 0.382212 0.547046 0.382374 0.547469 0.381996 0.547620 0.380786 0.547271 0.380140 0.546965 0.379288 0.546426
3 0.372124 0.541525 0.372663 0.540918 0.373859 0.540823 0.375088 0.540705 0.376234 0.540830 0.376599 0.541115 0.376428 0.541365 0.375407 0.541447 0.374114 0.541715 0.373469 0.541781 0.372557 0.541763 0.373219 0.542378 0.374056 0.542474 0.375643 0.542299 0.376905 0.542293 0.378213 0.542335 0.379104 0.542447 0.380062 0.543020 0.379709 0.543314 0.378141 0.543156 0.377162 0.543050 0.375355 0.543188 0.374382 0.543185 0.374016 0.543407 0.373848 0.543895 0.374718 0.544102 0.375559 0.543929 0.375657 0.544129 0.374627 0.544377 0.373874 0.544410 0.373319 0.543829 0.373477 0.543135 0.373188 0.542639 0.372210 0.542025
3 0.381354 0.551762 0.382101 0.552805 0.383672 0.552753 0.385441 0.553151 0.387374 0.553665 0.388990 0.554499 0.391355 0.556247 0.394310 0.557923 0.396942 0.559336 0.398668 0.560043 0.399119 0.559863 0.396674 0.558348 0.395523 0.557758 0.393381 0.556597 0.390836 0.554921 0.389567 0.554004 0.390726 0.553596 0.390257 0.553254 0.388403 0.552507 0.386468 0.552120 0.384569 0.551811 0.383501 0.551699 0.382149 0.551271
3 0.390668 0.548674 0.408589 0.546822 0.409409 0.546823 0.409757 0.547095 0.409656 0.547418 0.408923 0.547638 0.408043 0.547779 0.406806 0.547807 0.404819 0.547889 0.403208 0.548121 0.391761 0.549761
3 0.383275 0.542820 0.408952 0.545098 0.412762 0.544819 0.416022 0.543946 0.416757 0.543242 0.413914 0.543118 0.412013 0.543421 0.408755 0.543681 0.405097 0.543654 0.404430 0.543701 0.388249 0.541747 0.386802 0.542096 0.385016 0.542015 0.383311 0.542057 0.382503 0.542124
3 0.410260 0.546665 0.422354 0.542876 0.431508 0.540875 0.435068 0.540166 0.440578 0.538985 0.445388 0.539622 0.448661 0.539162 0.444757 0.540374 0.437530 0.540740 0.435092 0.541329 0.434747 0.541832 0.437796 0.542864 0.442842 0.543983 0.445282 0.545162 0.448897 0.547257 0.453303 0.549669 0.452324 0.550175 0.444779 0.546363 0.441347 0.544734 0.438082 0.543634 0.433975 0.542947 0.432086 0.542894 0.426003 0.543553 0.422338 0.544978 0.418028 0.546198 0.413715 0.546670 0.411209 0.547305 0.410062 0.547282
3 0.612719 0.542544 0.620676 0.540426 0.621655 0.538776 0.640836 0.536109 0.649500 0.526553 0.641956 0.536500 0.657952 0.535797 0.663599 0.536727 0.666106 0.536726 0.664555 0.538976 0.653735 0.538440 0.650436 0.539777 0.645306 0.538949 0.641314 0.537687
3 0.457085 0.480547 0.450841 0.487541 0.449044 0.490224 0.448137 0.492124 0.446947 0.494438 0.447417 0.494250 0.449419 0.490455 0.451112 0.488020 0.453208 0.485487 0.456835 0.481645 0.458019 0.480618
