6 0.551598 0.470019 0.009838 0.279080
6 0.536321 0.462967 0.010721 0.277966
6 0.716571 0.356967 0.009600 0.277281
6 0.318123 0.474341 0.012410 0.276835
6 0.487892 0.416309 0.011380 0.272601
8 0.447136 0.332954 0.027381 0.309711
8 0.290722 0.408505 0.026647 0.309378
8 0.481551 0.532789 0.028182 0.307028
8 0.785172 0.320382 0.031365 0.308803
0 0.505552 0.564211 0.888326 0.464534 0.890788 0.479940 0.899412 0.486409 0.917225 0.579600 0.913593 0.584825 0.911672 0.599913 0.523046 0.701296 0.500365 0.573225
5 0.392722 0.709811 0.430211 0.704821 0.447998 0.722849 0.456914 0.786076 0.441185 0.789737 0.434723 0.796107 0.426521 0.803516 0.415202 0.805750 0.399267 0.801391 0.386675 0.804988 0.385406 0.786849 0.382037 0.776999 0.378044 0.755461 0.375626 0.741024
5 0.469109 0.688436 0.506375 0.680664 0.522351 0.701180 0.525711 0.703899 0.527609 0.714224 0.529455 0.720761 0.531792 0.729518 0.530043 0.742925 0.534036 0.764463 0.521910 0.768385 0.515250 0.773868 0.506484 0.780508 0.491661 0.782924 0.484330 0.780064 0.463260 0.784500 0.451941 0.721098
7 0.519851 0.793261 0.735345 0.736759 0.757621 0.759043 0.763468 0.794250 0.527979 0.854715 0.517329 0.819159 0.514267 0.798270
7 0.761779 0.729873 0.916824 0.684931 0.955367 0.702430 0.962191 0.734943 0.787513 0.781924 0.759618 0.753847 0.758663 0.731802
7 0.608331 0.098528 0.841467 0.043432 0.844885 0.076571 0.813056 0.103511 0.596551 0.155459 0.595119 0.145458 0.598956 0.136132 0.596611 0.120244
7 0.300989 0.177723 0.593579 0.103041 0.597929 0.136830 0.590774 0.159595 0.311827 0.233640 0.301684 0.214566 0.296599 0.181015
4 0.034395 0.358424 0.221943 0.313086 0.238942 0.327564 0.264389 0.470581 0.250926 0.484447 0.062643 0.528694 0.031221 0.367635
1 0.136992 0.332759 0.118719 0.235185 0.144339 0.228535 0.145727 0.225632 0.214500 0.209934 0.298100 0.191350 0.297075 0.178593 0.593220 0.104569 0.595823 0.113918 0.602616 0.113632 0.607684 0.096069 0.843374 0.043411 0.845350 0.078443 0.829312 0.089362 0.852493 0.217541 0.881788 0.235456 0.900437 0.331341 0.905886 0.332126 0.906053 0.335257 0.898575 0.339587 0.905329 0.362881 0.910646 0.363072 0.911305 0.366044 0.905075 0.371244 0.911241 0.396640 0.917314 0.397861 0.917025 0.403687 0.910363 0.404567 0.956793 0.663610 0.937464 0.695340 0.958803 0.701178 0.963370 0.736008 0.786062 0.783161 0.777913 0.774968 0.761313 0.780974 0.764479 0.795237 0.528404 0.855663 0.523269 0.842037 0.243306 0.919204 0.238185 0.889012 0.231524 0.889892 0.222580 0.904251 0.185863 0.912303 0.167807 0.788200 0.193245 0.760227 0.213590 0.756832 0.166676 0.505113 0.062104 0.530467 0.030252 0.365601 0.035198 0.356995
