9 0.520672 0.536657 0.164711 0.014319
9 0.545182 0.458662 0.170369 0.010576
0 0.474566 0.556729 0.850292 0.702446 0.848715 0.719805 0.852355 0.726481 0.828669 0.817793 0.821509 0.824412 0.818946 0.835955 0.435082 0.688439 0.438384 0.681259 0.441219 0.678740
7 0.393972 0.765946 0.607324 0.850250 0.615048 0.879553 0.606441 0.913197 0.377661 0.823398 0.381593 0.790304
7 0.629776 0.854230 0.789774 0.918010 0.812508 0.951480 0.804471 0.982559 0.631228 0.916908 0.619761 0.878834 0.625767 0.859469
7 0.760769 0.218011 0.983669 0.308657 0.974777 0.343584 0.937130 0.346528 0.729059 0.263427 0.728397 0.253591 0.735027 0.246800 0.738767 0.227390 0.754320 0.221423
7 0.457755 0.100478 0.746197 0.213150 0.735854 0.246919 0.718024 0.263146 0.446062 0.152509 0.447223 0.126766
4 0.160118 0.095240 0.336887 0.168721 0.347058 0.194691 0.304927 0.346019 0.112152 0.265803 0.106492 0.260536 0.151147 0.100402
8 0.522820 0.324614 0.171659 0.049019
8 0.356785 0.294449 0.172752 0.051788
8 0.471612 0.517799 0.172580 0.053205
8 0.820795 0.516121 0.173147 0.052577
5 0.294248 0.625498 0.316908 0.614438 0.353718 0.633216 0.365054 0.661625 0.346713 0.723737 0.324695 0.715241 0.316795 0.717497 0.305748 0.715986 0.297329 0.707765 0.290179 0.704078 0.272552 0.696315 0.281497 0.676527 0.283036 0.661904 0.289458 0.650922 0.292513 0.642288
5 0.391705 0.641561 0.430327 0.657305 0.437026 0.683527 0.441433 0.702135 0.431775 0.725129 0.420344 0.750986 0.406291 0.745067 0.395736 0.746464 0.382214 0.740716 0.373121 0.732965 0.365298 0.729747 0.349226 0.725237 0.368317 0.657182
1 0.147806 0.548083 0.210104 0.306554 0.109258 0.264804 0.107599 0.259456 0.149846 0.099919 0.157006 0.093300 0.253534 0.135341 0.280340 0.040227 0.303278 0.049707 0.306644 0.047360 0.374395 0.075457 0.373968 0.077381 0.452055 0.110196 0.458049 0.101138 0.745695 0.215473 0.743845 0.223810 0.759009 0.217030 0.984194 0.311165 0.972932 0.343949 0.956355 0.346836 0.921238 0.464005 0.940994 0.500635 0.915781 0.596264 0.917686 0.603066 0.912156 0.607463 0.906862 0.623621 0.912911 0.629701 0.904015 0.636447 0.898928 0.656795 0.904835 0.663517 0.901534 0.670696 0.897532 0.670777 0.828814 0.913668 0.799081 0.932231 0.813188 0.953289 0.803273 0.985135 0.632828 0.919701 0.626713 0.908788 0.610290 0.900727 0.606381 0.913209 0.377316 0.824693 0.377936 0.809085 0.102403 0.709664 0.112033 0.679101 0.106477 0.675929 0.091948 0.684976 0.058570 0.668683 0.093403 0.552797 0.125752 0.537829
