1 0.170521 0.291973 0.185849 0.288736 0.182665 0.271361 0.164436 0.259034 0.162710 0.257225 0.159169 0.233246 0.160649 0.230627 0.251010 0.214345 0.254196 0.215904 0.285699 0.251060 0.289385 0.267587 0.474446 0.231277 0.461017 0.176522 0.452873 0.134979 0.454074 0.132032 0.458187 0.130324 0.578801 0.108613 0.584391 0.110751 0.611281 0.207123 0.674832 0.195720 0.678788 0.208704 0.683865 0.207803 0.698289 0.259553 0.694109 0.265172 0.709434 0.318358 0.725320 0.315382 0.726278 0.317941 0.785229 0.552926 0.784416 0.554121 0.769438 0.557144 0.770119 0.559766 0.788905 0.564081 0.830599 0.748718 0.830086 0.752747 0.828530 0.753478 0.827545 0.751304 0.806983 0.755974 0.804083 0.755749 0.786762 0.739111 0.695600 0.756911 0.692690 0.758664 0.689732 0.761627 0.674197 0.781394 0.605372 0.793790 0.608433 0.803472 0.607842 0.805628 0.605371 0.806863 0.603032 0.807259 0.601379 0.803794 0.599056 0.794686 0.579550 0.798105 0.581829 0.807829 0.582327 0.810412 0.579905 0.811299 0.576715 0.812023 0.575704 0.810837 0.573071 0.799239 0.553724 0.802420 0.553193 0.803754 0.554593 0.814217 0.553368 0.815371 0.549565 0.816167 0.548411 0.815284 0.547544 0.811033 0.546605 0.804037 0.356182 0.835766 0.329190 0.821308 0.317674 0.840816 0.293521 0.844401 0.292419 0.843279 0.253653 0.707655 0.269479 0.696248 0.266340 0.685137 0.246209 0.688442 0.244228 0.685724 0.245150 0.685093 0.198650 0.500971 0.200261 0.499761 0.218479 0.497102 0.169844 0.293617
4 0.453986 0.132136 0.458383 0.130125 0.578901 0.108756 0.584600 0.110860 0.623358 0.250999 0.621214 0.254739 0.608215 0.284588 0.496361 0.305290 0.492371 0.302653 0.485499 0.273631 0.479069 0.245737 0.476171 0.230633 0.458700 0.164035 0.453021 0.134741
8 0.529469 0.319775 0.533652 0.333669 0.564502 0.328085 0.561140 0.313471
8 0.586604 0.440418 0.590527 0.454137 0.621760 0.448680 0.618128 0.435012
8 0.435868 0.467192 0.439492 0.481759 0.470279 0.475911 0.467091 0.461557
8 0.596214 0.702365 0.600537 0.717409 0.632115 0.711828 0.628267 0.696921
5 0.276882 0.385724 0.284856 0.387033 0.291797 0.388995 0.298227 0.387535 0.316222 0.397467 0.319971 0.399632 0.321522 0.406109 0.321210 0.409215 0.320854 0.411236 0.321944 0.415626 0.323416 0.419339 0.324631 0.420665 0.326820 0.427587 0.313868 0.443261 0.268068 0.451638 0.261665 0.449635 0.258503 0.437116 0.251997 0.432270 0.247866 0.427052 0.244677 0.421369 0.244111 0.415173 0.244725 0.407361 0.248107 0.400438 0.252927 0.394284 0.259450 0.389430 0.268304 0.386913
5 0.302776 0.449702 0.313894 0.447106 0.317541 0.447551 0.334521 0.457422 0.337721 0.468866 0.336881 0.469906 0.338025 0.474317 0.338914 0.474752 0.340560 0.477845 0.341657 0.485804 0.341841 0.487178 0.332631 0.498185 0.328324 0.498031 0.326386 0.497976 0.326063 0.497483 0.324137 0.497991 0.323905 0.499105 0.322311 0.499609 0.321679 0.502371 0.283416 0.510211 0.277966 0.509609 0.276863 0.508232 0.274966 0.500384 0.270427 0.497381 0.266119 0.492204 0.263178 0.487918 0.261032 0.480339 0.260722 0.474607 0.262712 0.467433 0.265609 0.462600 0.264099 0.459689 0.264051 0.457252 0.265357 0.455513 0.270871 0.454523 0.274531 0.453867 0.279998 0.451336 0.287865 0.449550 0.294758 0.448904
0 0.323894 0.498698 0.324144 0.498025 0.326146 0.497459 0.326484 0.498110 0.330526 0.498144 0.330917 0.498336 0.419869 0.482448 0.419945 0.481646 0.421458 0.481414 0.424927 0.482979 0.428478 0.485085 0.429215 0.488671 0.427529 0.491071 0.502677 0.789817 0.500790 0.793046 0.498799 0.792602 0.498072 0.790302 0.495460 0.789775 0.492809 0.790377 0.492568 0.791496 0.491092 0.792056 0.490110 0.792503 0.489841 0.794580 0.488132 0.795864 0.486641 0.796371 0.485108 0.797168 0.485661 0.798499 0.461001 0.803482 0.458441 0.801655 0.440553 0.804653 0.438163 0.806709 0.436169 0.807722 0.414691 0.810863 0.413081 0.809324 0.411684 0.806785 0.410568 0.805974 0.408759 0.806104 0.407716 0.807405 0.406579 0.808616 0.404198 0.808821 0.401815 0.807345 0.398838 0.801692 0.396916 0.797703 0.322057 0.505725 0.321944 0.503902 0.321792 0.500912 0.322448 0.499643 0.323693 0.499192
7 0.198689 0.500916 0.200009 0.499643 0.224286 0.496173 0.254625 0.496507 0.296479 0.662578 0.273314 0.682949 0.269457 0.684783 0.245945 0.688481 0.244265 0.685718 0.245192 0.684823
7 0.303714 0.683156 0.281916 0.686671 0.253858 0.708153 0.292080 0.843598 0.294015 0.844868 0.317484 0.840769 0.336801 0.807461
7 0.678930 0.341220 0.699908 0.321227 0.705237 0.319530 0.725016 0.315525 0.725820 0.317211 0.785707 0.552845 0.784429 0.554453 0.760752 0.558447 0.759644 0.557645 0.734779 0.552953 0.685395 0.358014 0.685795 0.356483 0.685240 0.352253 0.682780 0.351464
7 0.759728 0.557528 0.734676 0.552898 0.759507 0.557739 0.760507 0.558529 0.764767 0.558006 0.788805 0.564054 0.830491 0.750005 0.830168 0.752303 0.828573 0.753428 0.826995 0.752706 0.825351 0.752253 0.805416 0.756335 0.803679 0.755586 0.777810 0.729738 0.738347 0.561734
2 0.566287 0.496671 0.572095 0.500837 0.582908 0.504539 0.593182 0.504445 0.603833 0.504713 0.614465 0.502410 0.623024 0.498564 0.633664 0.484168 0.637773 0.472935 0.637366 0.469557 0.632746 0.469150 0.630756 0.456168 0.623926 0.450442 0.622860 0.446654 0.617457 0.444186 0.611238 0.445822 0.604008 0.448024 0.598099 0.448134 0.592872 0.448314 0.589322 0.448784 0.586028 0.449644 0.583385 0.452148 0.577018 0.454154 0.572885 0.454868 0.569052 0.458202 0.564569 0.461571 0.563029 0.465056 0.556283 0.466699 0.557594 0.475022 0.560501 0.479624 0.561442 0.488031
3 0.638278 0.570243 0.643688 0.566280 0.643995 0.566805 0.643795 0.567504 0.638891 0.571293
3 0.646068 0.564491 0.657198 0.556436 0.660658 0.556066 0.661212 0.555821 0.659293 0.556852 0.657103 0.557468 0.649859 0.563393 0.646528 0.565279
3 0.657951 0.496929 0.656583 0.498381 0.659439 0.499200 0.665908 0.499280 0.674330 0.500058 0.679277 0.502929 0.685799 0.505605 0.689683 0.506027 0.690345 0.504165 0.686695 0.500836 0.681875 0.498670 0.676439 0.497296 0.671386 0.495916 0.665748 0.495729 0.661475 0.496211
