1 0.337308 0.180358 0.352421 0.184099 0.359897 0.167760 0.351095 0.147518 0.361917 0.124826 0.364629 0.123175 0.449795 0.146124 0.454476 0.148629 0.461759 0.193676 0.454695 0.209441 0.634537 0.256026 0.638548 0.253325 0.658160 0.200779 0.675029 0.163400 0.678871 0.161730 0.683261 0.162326 0.799434 0.194328 0.802679 0.198544 0.769620 0.293127 0.831928 0.310220 0.826969 0.323411 0.832408 0.325181 0.813899 0.376238 0.809427 0.377898 0.806813 0.379178 0.788577 0.431366 0.803511 0.435561 0.804227 0.436794 0.803014 0.438689 0.716235 0.667123 0.714588 0.667792 0.712425 0.667822 0.699676 0.663710 0.699124 0.666105 0.712310 0.677269 0.712595 0.678638 0.639121 0.856553 0.637369 0.858850 0.634452 0.859317 0.633735 0.856721 0.615054 0.851261 0.612961 0.851395 0.607161 0.828870 0.518991 0.805897 0.514128 0.805811 0.484611 0.817502 0.418049 0.799041 0.415199 0.807770 0.414118 0.809561 0.412654 0.810392 0.409229 0.809832 0.407864 0.808722 0.408230 0.806478 0.408680 0.805054 0.411808 0.797330 0.393220 0.792091 0.389218 0.801216 0.388212 0.803314 0.386984 0.803398 0.383755 0.803029 0.381643 0.802113 0.382356 0.799585 0.386506 0.789985 0.368062 0.784560 0.366796 0.785581 0.363166 0.793263 0.361022 0.795975 0.358962 0.795435 0.356087 0.794491 0.356314 0.792144 0.361157 0.783065 0.178720 0.730363 0.162636 0.705554 0.140864 0.717986 0.118189 0.711019 0.117252 0.709643 0.164187 0.575835 0.184277 0.572254 0.188274 0.561238 0.169750 0.555795 0.168986 0.552786 0.170235 0.552634 0.237848 0.373498 0.239573 0.372654 0.258038 0.378011 0.336160 0.180831
4 0.675336 0.163171 0.679190 0.161839 0.683342 0.162181 0.799667 0.194416 0.802754 0.198127 0.769535 0.293096 0.753591 0.336418 0.750724 0.338375 0.722404 0.358324 0.610293 0.328851 0.609220 0.327002 0.620056 0.297967 0.622602 0.294031 0.631795 0.270942 0.638976 0.254217 0.658937 0.198566
8 0.632235 0.355641 0.626947 0.369864 0.657946 0.378178 0.663200 0.363813
8 0.610222 0.484490 0.604856 0.499260 0.635784 0.507346 0.641262 0.492660
8 0.463703 0.444232 0.458368 0.458352 0.488366 0.466887 0.493868 0.453461 0.492985 0.452276
8 0.464384 0.715754 0.494305 0.724691 0.494523 0.727273 0.488823 0.739125 0.458939 0.729709 0.462399 0.719490
0 0.265738 0.739315 0.270299 0.738684 0.284878 0.743155 0.287790 0.745845 0.290507 0.747260 0.308979 0.752397 0.317075 0.750322 0.320520 0.747263 0.321369 0.748905 0.324987 0.749364 0.326476 0.750065 0.327338 0.754102 0.331220 0.751287 0.445329 0.454446 0.444034 0.452050 0.441897 0.450695 0.440455 0.450657 0.439805 0.451089 0.430938 0.448568 0.424843 0.446749 0.354442 0.427064 0.352624 0.425782 0.351034 0.425131 0.350806 0.424499 0.348513 0.423906 0.347677 0.424658 0.346321 0.424350 0.344317 0.426360 0.341756 0.431214 0.234064 0.718278 0.233889 0.725052 0.234935 0.726884 0.238201 0.727915 0.241208 0.726786 0.242458 0.727433 0.242412 0.729742 0.242088 0.732930 0.263783 0.739234
5 0.348942 0.302792 0.355520 0.301768 0.363148 0.302374 0.372795 0.305492 0.378088 0.308738 0.383460 0.314015 0.385437 0.315777 0.391516 0.317038 0.403045 0.336245 0.400897 0.343037 0.398526 0.345530 0.397347 0.346786 0.395764 0.351794 0.394892 0.356036 0.394992 0.357451 0.392575 0.363860 0.373041 0.372478 0.327291 0.359901 0.323318 0.355155 0.327791 0.342984 0.325407 0.336677 0.324621 0.331993 0.324843 0.326344 0.327162 0.320244 0.331988 0.313388 0.335749 0.309405 0.341679 0.305980
5 0.322836 0.362388 0.325090 0.362393 0.333798 0.364652 0.337709 0.364247 0.342818 0.365295 0.348262 0.366756 0.354455 0.369625 0.357210 0.371825 0.358678 0.373058 0.365954 0.374598 0.370214 0.375397 0.372235 0.376980 0.381747 0.392863 0.380095 0.398506 0.379239 0.401630 0.378399 0.403239 0.377848 0.404351 0.376646 0.404585 0.376071 0.405354 0.374662 0.408971 0.375706 0.409657 0.371198 0.421399 0.357593 0.427701 0.354267 0.426889 0.352625 0.425786 0.350727 0.425073 0.350538 0.424412 0.348219 0.423772 0.347644 0.424542 0.345423 0.424431 0.344224 0.426128 0.307261 0.417115 0.301770 0.414125 0.301680 0.413148 0.305156 0.404883 0.303501 0.401302 0.301858 0.395586 0.301732 0.390946 0.303062 0.385060 0.306114 0.378555 0.311845 0.372602 0.316829 0.369009 0.318998 0.367815 0.320884 0.362900
7 0.238048 0.373532 0.239793 0.372678 0.263434 0.379654 0.277522 0.387080 0.289929 0.392934 0.226711 0.556689 0.193712 0.562648 0.169385 0.555397 0.169043 0.552700 0.170464 0.552428
7 0.200865 0.569503 0.164225 0.575781 0.117332 0.709784 0.118282 0.711338 0.140955 0.717766 0.177072 0.697294 0.221664 0.575564
7 0.670147 0.653899 0.687970 0.658780 0.692235 0.662081 0.696398 0.663526 0.712569 0.677364 0.712132 0.679681 0.638389 0.857899 0.636345 0.858768 0.634198 0.859030 0.633828 0.856780 0.614318 0.851016 0.612703 0.851149 0.605270 0.817134
7 0.672997 0.644861 0.690324 0.660771 0.692259 0.662263 0.699309 0.663535 0.714123 0.667755 0.716046 0.667073 0.804021 0.436436 0.803515 0.435334 0.780685 0.429952 0.777772 0.430080 0.750074 0.438133
2 0.632786 0.261200 0.629415 0.263483 0.624864 0.265399 0.621259 0.267629 0.615623 0.270774 0.609056 0.274298 0.604952 0.277004 0.605701 0.283075 0.607346 0.289250 0.607337 0.295148 0.605740 0.301669 0.600139 0.311312 0.596703 0.315941 0.594366 0.320032 0.591429 0.324183 0.589617 0.329180 0.590061 0.331444 0.594635 0.333860 0.596788 0.337692 0.596248 0.347108 0.595596 0.353942 0.595705 0.357999 0.603407 0.358961 0.609054 0.352475 0.611877 0.347216 0.619175 0.345036 0.623632 0.347819 0.625518 0.351394 0.624068 0.355981 0.622077 0.360446 0.618406 0.372789 0.618249 0.376589 0.621881 0.381249 0.625906 0.383933 0.633748 0.387385 0.642530 0.390068 0.649800 0.389457 0.659164 0.388831 0.664386 0.387361 0.664993 0.386909 0.666516 0.381355 0.668991 0.377197 0.675822 0.371373 0.681884 0.367243 0.680805 0.369555 0.678421 0.375995 0.676889 0.381941 0.676313 0.386333 0.680127 0.390051 0.682838 0.391749 0.689125 0.392783 0.695141 0.381071 0.696990 0.375590 0.705853 0.371408 0.714715 0.368700 0.731579 0.360834 0.735205 0.354872 0.728321 0.352424 0.723196 0.351752 0.719411 0.353449 0.715872 0.349597 0.713242 0.346541 0.708421 0.345643 0.702225 0.346891 0.698558 0.346746 0.695854 0.344657 0.692447 0.343687 0.686818 0.342409 0.683248 0.340123 0.680426 0.339875 0.674720 0.337006 0.667826 0.336424 0.663341 0.337765 0.660946 0.336533 0.658708 0.331501 0.654941 0.330941 0.650096 0.331217 0.646416 0.330381 0.642936 0.330378 0.638755 0.331493 0.635546 0.328798 0.634273 0.325853 0.631168 0.326132 0.623378 0.328394 0.619067 0.323679 0.614449 0.322138 0.610739 0.326901 0.611999 0.319611 0.616325 0.308498 0.617559 0.303862 0.622353 0.297870 0.625292 0.292244 0.626254 0.286267 0.628994 0.278334 0.631805 0.270909 0.633636 0.267687
2 0.308734 0.418965 0.311814 0.423326 0.316804 0.426940 0.321262 0.432677 0.321888 0.437308 0.327663 0.444171 0.327293 0.447985 0.324153 0.454832 0.324218 0.458154 0.328302 0.458019 0.332842 0.454679 0.337066 0.447488 0.338028 0.441800 0.340465 0.435857 0.344137 0.426887 0.345224 0.424772 0.346480 0.424489 0.347995 0.424484 0.348492 0.423780 0.350658 0.424330 0.350965 0.425100 0.353968 0.426481 0.354669 0.426874 0.357844 0.427712 0.365053 0.429932 0.383367 0.434674 0.388494 0.429774 0.391923 0.425889 0.389565 0.422904 0.385392 0.410645 0.382666 0.406644 0.379456 0.403524 0.376694 0.401381 0.375458 0.400284 0.371330 0.398763 0.368739 0.399341 0.366857 0.401596 0.365604 0.403819 0.363309 0.404114 0.361170 0.406310 0.359402 0.409290 0.357320 0.411091 0.354565 0.412623 0.348881 0.417338 0.345566 0.418684 0.340840 0.418835 0.337495 0.420058 0.333352 0.420108 0.329418 0.420148 0.326716 0.420642 0.319941 0.420095 0.315529 0.419035 0.312850 0.418368
