1 0.193874 0.641866 0.216942 0.661969 0.222692 0.730880 0.208306 0.734130 0.209243 0.763683 0.227210 0.775308 0.228053 0.784525 0.244471 0.797038 0.813399 0.624705 0.817122 0.617095 0.787208 0.535098 0.837920 0.517787 0.875820 0.473607 0.876703 0.468157 0.830291 0.365897 0.826990 0.364438 0.727759 0.389470 0.688723 0.291040 0.704397 0.286586 0.725705 0.219792 0.701807 0.163125 0.700205 0.162297 0.680607 0.165656 0.674101 0.188066 0.604436 0.201916 0.602019 0.204348 0.597545 0.225115 0.533212 0.239447 0.531839 0.238380 0.505706 0.243472 0.504530 0.247013 0.485830 0.250589 0.484676 0.223094 0.480498 0.206564 0.478677 0.206640 0.320532 0.243130 0.323304 0.260938 0.330941 0.287718 0.317141 0.291080 0.303065 0.248985 0.181432 0.280598 0.181283 0.297996 0.197034 0.326882 0.195807 0.340780 0.179666 0.361231 0.183927 0.482163 0.180239 0.480781 0.178635 0.481447 0.178806 0.484578 0.179272 0.488412 0.186726 0.501026 0.186113 0.509024 0.183144 0.504866 0.180868 0.504949 0.179678 0.508032 0.179985 0.511758 0.182425 0.516560 0.185504 0.521798 0.186039 0.528312 0.181982 0.527683 0.180436 0.528012 0.180088 0.532422 0.181638 0.536870 0.187363 0.550189
4 0.676786 0.455164 0.712187 0.552289 0.715211 0.553852 0.838551 0.518008 0.876627 0.472849 0.876735 0.468150 0.829741 0.365671 0.826323 0.364734 0.701968 0.395853 0.700222 0.398044 0.697284 0.399225
8 0.654298 0.484960 0.667794 0.481054 0.676423 0.509618 0.674444 0.511687 0.663284 0.515095 0.661885 0.512529 0.653926 0.487364
8 0.538877 0.541689 0.550777 0.538492 0.558051 0.568060 0.557949 0.570072 0.545323 0.573592 0.537909 0.543409
8 0.505963 0.411557 0.507218 0.410810 0.517478 0.407916 0.523784 0.433854 0.522737 0.435515 0.511813 0.438619 0.505784 0.412594
5 0.559329 0.245290 0.566676 0.247180 0.572100 0.249941 0.577999 0.254789 0.581552 0.260117 0.582248 0.268585 0.581554 0.282233 0.581226 0.294053 0.582228 0.296500 0.581710 0.306011 0.574910 0.316849 0.567707 0.319521 0.564428 0.316872 0.560388 0.317754 0.559002 0.319509 0.556845 0.322297 0.554639 0.323389 0.549231 0.323651 0.535782 0.315528 0.535380 0.309336 0.530384 0.290774 0.529537 0.284591 0.528880 0.273346 0.533294 0.271161 0.534111 0.262477 0.536895 0.256068 0.543463 0.249121 0.552672 0.245946
5 0.502787 0.258694 0.509439 0.259488 0.517141 0.262450 0.522380 0.266849 0.526531 0.273831 0.528091 0.278735 0.528018 0.288236 0.527209 0.295464 0.528232 0.304882 0.530480 0.310359 0.530508 0.317853 0.523183 0.330306 0.517597 0.332730 0.512604 0.330886 0.509382 0.330456 0.507635 0.332588 0.505524 0.335104 0.503068 0.337065 0.495431 0.336847 0.491832 0.333772 0.489050 0.322014 0.483843 0.301544 0.480421 0.301704 0.477658 0.302314 0.475662 0.297943 0.475767 0.292512 0.475469 0.286287 0.479189 0.284980 0.479963 0.275125 0.483845 0.268632 0.489934 0.263021 0.495173 0.260048
0 0.478705 0.302418 0.484115 0.301929 0.497187 0.354930 0.499846 0.365625 0.500466 0.369365 0.502283 0.375847 0.503049 0.376691 0.502488 0.380804 0.502036 0.400084 0.500179 0.404064 0.222123 0.475092 0.217258 0.474183 0.209838 0.464409 0.205913 0.453829 0.206029 0.451548 0.201326 0.428046 0.200287 0.407276 0.202709 0.406211 0.200495 0.394791 0.199267 0.389942 0.197616 0.372059
8 0.270785 0.561668 0.284486 0.558768 0.287501 0.590748 0.273732 0.593788 0.270174 0.565207
7 0.681502 0.602292 0.683346 0.603548 0.690943 0.626130 0.671603 0.653089 0.441940 0.720637 0.435517 0.699217 0.431143 0.674237
7 0.431988 0.725080 0.237202 0.780313 0.209117 0.762337 0.208452 0.733901 0.311864 0.707662 0.420603 0.679201 0.428686 0.702036
7 0.480058 0.205998 0.484482 0.223147 0.485997 0.266459 0.482820 0.269982 0.479714 0.274788 0.479725 0.276783 0.338456 0.309910 0.336247 0.306762 0.323063 0.259477 0.320536 0.242965
7 0.303141 0.249007 0.317895 0.293065 0.321387 0.315713 0.212811 0.343583 0.205325 0.341077 0.181289 0.297518 0.181195 0.280739
