9 0.558401 0.502297 0.167793 0.014954
9 0.596435 0.428704 0.171173 0.009665
9 0.651121 0.497835 0.168012 0.013320
9 0.484676 0.305873 0.163297 0.012801
8 0.356876 0.296016 0.171870 0.051809
8 0.522942 0.323852 0.170491 0.051545
8 0.471045 0.518231 0.172217 0.050956
8 0.820979 0.516468 0.171610 0.051272
0 0.478991 0.559692 0.849988 0.705100 0.846380 0.715819 0.848517 0.720968 0.850654 0.726116 0.829279 0.818745 0.824430 0.822129 0.821007 0.826469 0.813807 0.833054 0.435751 0.689436 0.437569 0.683090 0.440049 0.677454 0.472314 0.561606 0.476652 0.560533
7 0.458635 0.099043 0.745713 0.213491 0.735803 0.246472 0.717114 0.260606 0.446862 0.153331 0.447999 0.130038 0.455793 0.098808
7 0.759732 0.216897 0.984324 0.311560 0.975384 0.342767 0.934968 0.347088 0.727845 0.261630 0.729521 0.252778 0.735425 0.245641 0.740731 0.228220
7 0.633813 0.857365 0.787269 0.916330 0.813359 0.951912 0.804024 0.982296 0.631483 0.918813 0.620505 0.878726 0.626623 0.856349
7 0.393729 0.767947 0.605891 0.848865 0.615176 0.879706 0.606517 0.914831 0.376928 0.824192 0.382860 0.790968 0.389266 0.767292 0.392903 0.767773
5 0.318882 0.617581 0.350034 0.630574 0.362594 0.657302 0.362406 0.661774 0.345731 0.722428 0.326362 0.715514 0.322343 0.715509 0.315355 0.716809 0.303701 0.714981 0.294138 0.707354 0.290875 0.702736 0.275140 0.696350 0.282052 0.673656 0.282911 0.666163 0.286074 0.655531 0.289549 0.649533 0.291389 0.643653 0.294071 0.631569 0.313345 0.618380
5 0.394309 0.645033 0.426470 0.657535 0.435523 0.682616 0.434961 0.689618 0.432944 0.700939 0.433199 0.707607 0.431955 0.717682 0.430315 0.722839 0.425219 0.730170 0.420790 0.747895 0.407535 0.745103 0.394984 0.745832 0.385552 0.743678 0.376445 0.738936 0.370919 0.731460 0.355785 0.725965 0.351054 0.723835 0.365737 0.662131
4 0.157380 0.095492 0.333026 0.168807 0.347429 0.193481 0.304570 0.343327 0.237476 0.317215 0.111534 0.263656 0.108532 0.256281 0.150613 0.100980
1 0.254128 0.132787 0.278742 0.039644 0.304470 0.051073 0.305864 0.049750 0.373808 0.074395 0.391249 0.081811 0.453296 0.109870 0.456595 0.101624 0.746229 0.213963 0.741670 0.226235 0.744159 0.226597 0.757806 0.216378 0.984507 0.311015 0.975450 0.343562 0.954527 0.345218 0.922055 0.465090 0.937271 0.502386 0.915711 0.591276 0.923330 0.599950 0.919739 0.604553 0.912272 0.603467 0.906311 0.623712 0.914071 0.628440 0.909997 0.636878 0.903398 0.635186 0.897688 0.655955 0.905741 0.664326 0.902468 0.670806 0.896053 0.668287 0.827225 0.915604 0.798955 0.932177 0.812247 0.953329 0.802279 0.983364 0.629613 0.919514 0.627389 0.906378 0.610082 0.901665 0.605340 0.914765 0.375693 0.824053 0.378606 0.812579 0.105284 0.712170 0.102410 0.708579 0.112127 0.678020 0.106556 0.676661 0.093301 0.683459 0.057893 0.669341 0.092053 0.551790 0.124133 0.539553 0.145158 0.549016 0.210351 0.304841 0.112328 0.265143 0.108225 0.257163 0.150195 0.099455 0.157737 0.095243
