1 0.432810 0.208836 0.450782 0.212150 0.450451 0.246618 0.517796 0.257050 0.537811 0.250081 0.580178 0.257400 0.580822 0.253452 0.585332 0.251448 0.587619 0.242458 0.591770 0.229328 0.595602 0.228663 0.595919 0.230526 0.591737 0.252349 0.595756 0.253006 0.597516 0.256988 0.603718 0.254558 0.608055 0.242750 0.609228 0.237131 0.610456 0.232292 0.613780 0.232280 0.615279 0.235179 0.610835 0.255919 0.615775 0.256529 0.616277 0.259713 0.622555 0.257045 0.629835 0.235926 0.632391 0.235483 0.634473 0.237491 0.629216 0.258879 0.633003 0.259517 0.635053 0.262415 0.634548 0.266124 0.655908 0.269913 0.656846 0.268002 0.660996 0.267033 0.668141 0.265044 0.671215 0.260077 0.673632 0.259564 0.689508 0.262461 0.692149 0.266531 0.700588 0.268376 0.704985 0.266613 0.706344 0.265222 0.724061 0.268113 0.723506 0.274360 0.724436 0.274855 0.724405 0.278388 0.726567 0.278950 0.729852 0.279129 0.732254 0.280241 0.733156 0.282146 0.774634 0.289937 0.785072 0.299459 0.800775 0.270664 0.819511 0.273502 0.815139 0.319318 0.811222 0.356026 0.803742 0.367002 0.811505 0.369402 0.805962 0.417854 0.796754 0.493509 0.794588 0.503003 0.782671 0.515592 0.779925 0.548601 0.776608 0.571778 0.772183 0.602424 0.766691 0.642259 0.752254 0.729262 0.747697 0.732657 0.734564 0.730117 0.710258 0.741429 0.624510 0.720626 0.623439 0.719054 0.626295 0.706969 0.441781 0.666836 0.424371 0.717972 0.419680 0.720486 0.416938 0.720626 0.313178 0.696375 0.291143 0.680166 0.288729 0.677560 0.288181 0.673320 0.304510 0.637322 0.254534 0.626430 0.253599 0.622559 0.255465 0.620924 0.264664 0.601214 0.259953 0.596485 0.281370 0.551499 0.284341 0.551488 0.287122 0.551813 0.300442 0.522153 0.301650 0.517667 0.303278 0.514932 0.306485 0.511067 0.313169 0.495960 0.301709 0.475957 0.302369 0.473387 0.303868 0.470816 0.338022 0.399769 0.378288 0.316532 0.382186 0.317206 0.380514 0.310281
4 0.419814 0.720728 0.424642 0.717562 0.450380 0.639260 0.466856 0.595098 0.462945 0.566315 0.460574 0.564479 0.346423 0.540964 0.333954 0.571774 0.316310 0.612711 0.288599 0.673044 0.288375 0.677903 0.291854 0.680732 0.313417 0.696564 0.417202 0.720689
5 0.715795 0.539103 0.720004 0.542539 0.723658 0.545967 0.727145 0.551247 0.729173 0.557613 0.728757 0.563778 0.727719 0.568384 0.724521 0.573209 0.717688 0.580279 0.720989 0.582385 0.716838 0.599814 0.706539 0.596868 0.697488 0.595176 0.686623 0.594468 0.682768 0.595350 0.669484 0.593243 0.655937 0.578404 0.661509 0.556932 0.663297 0.551276 0.670851 0.547292 0.676867 0.539805 0.684186 0.535889 0.693798 0.533767 0.700065 0.533856 0.707073 0.535448 0.712928 0.537747
5 0.736028 0.511849 0.734677 0.516842 0.727531 0.526086 0.726661 0.530746 0.727989 0.534180 0.724994 0.547946 0.721336 0.543536 0.715509 0.538825 0.709727 0.536361 0.704914 0.534884 0.699163 0.533514 0.692476 0.533913 0.687551 0.535416 0.682512 0.536322 0.678835 0.538172 0.676054 0.540289 0.666084 0.528884 0.671736 0.504087 0.674068 0.501485 0.678349 0.500348 0.683993 0.491082 0.691494 0.486202 0.699972 0.483717 0.710451 0.483732 0.718345 0.485716 0.725323 0.489410 0.730301 0.493225 0.735251 0.500230 0.736864 0.504432
0 0.700685 0.268409 0.704470 0.266957 0.705971 0.265156 0.724258 0.268323 0.724128 0.270943 0.723482 0.274460 0.724358 0.275054 0.723659 0.278108 0.724336 0.278910 0.723306 0.279014 0.722906 0.279121 0.722083 0.282880 0.723704 0.282487 0.724948 0.279077 0.726859 0.278609 0.729242 0.279066 0.732433 0.280439 0.733167 0.283481 0.732947 0.285746 0.729698 0.299979 0.723870 0.326655 0.716606 0.362612 0.709048 0.402272 0.702286 0.437345 0.693739 0.479617 0.692527 0.481901 0.688403 0.488020 0.684351 0.490767 0.679856 0.497496 0.602839 0.482358 0.601754 0.477268 0.604559 0.462198 0.615300 0.418905 0.631636 0.361033 0.649628 0.292758 0.655863 0.269680 0.657146 0.267688 0.668376 0.264703 0.671187 0.259944 0.673321 0.259391 0.689630 0.262360 0.690347 0.264484 0.692229 0.266711
8 0.541047 0.293595 0.564032 0.298052 0.561311 0.305521 0.538112 0.301169 0.538447 0.298116 0.540015 0.294582
8 0.564116 0.474158 0.590808 0.479935 0.588001 0.488813 0.584330 0.490834 0.561375 0.486382 0.561310 0.483037
8 0.436982 0.449415 0.462723 0.454499 0.462432 0.458578 0.458999 0.466597 0.433548 0.462171 0.433374 0.457986
7 0.749064 0.525980 0.769273 0.529123 0.794499 0.502892 0.811215 0.369449 0.802682 0.367632 0.791627 0.365242 0.768478 0.394357 0.757539 0.461817
7 0.785155 0.299219 0.800490 0.270770 0.819656 0.273859 0.810987 0.356143 0.803068 0.367623 0.791885 0.365241 0.773331 0.388532 0.768726 0.387170 0.782305 0.304104
7 0.432230 0.208771 0.449943 0.212286 0.450698 0.253511 0.406783 0.348805 0.403767 0.348144 0.396858 0.319521 0.381658 0.316780 0.380728 0.309862 0.425290 0.223141
7 0.378400 0.316563 0.397184 0.319824 0.404863 0.357464 0.358817 0.461451 0.356583 0.459134 0.354745 0.459320 0.352886 0.463323 0.354145 0.471352 0.350829 0.477337 0.347397 0.476558 0.345546 0.480160 0.346901 0.487508 0.343103 0.495394 0.341318 0.494285 0.338801 0.493613 0.337217 0.496371 0.336630 0.499355 0.339448 0.505828 0.337457 0.509499 0.317300 0.505324 0.301594 0.475810 0.302352 0.472664 0.351179 0.372625
