4 0.073644 0.395174 0.098436 0.477302 0.101146 0.484682 0.114129 0.488768 0.240432 0.458793 0.232739 0.445190 0.205170 0.365109
1 0.133701 0.380897 0.120833 0.342123 0.141473 0.338021 0.140534 0.334318 0.191566 0.324095 0.193109 0.328247 0.256032 0.314734 0.252149 0.301715 0.454620 0.262187 0.457160 0.270225 0.458222 0.269201 0.462531 0.260304 0.606298 0.234243 0.611125 0.249515 0.595820 0.263590 0.617084 0.318046 0.636328 0.328118 0.649488 0.363088 0.651427 0.363089 0.660028 0.359090 0.662871 0.358723 0.664436 0.361248 0.663974 0.362561 0.652246 0.368107 0.653509 0.373718 0.654301 0.376743 0.655779 0.377898 0.659118 0.376674 0.664421 0.374726 0.667910 0.373283 0.670012 0.374385 0.670098 0.377433 0.666534 0.378986 0.658240 0.382914 0.658386 0.387589 0.659448 0.390691 0.661160 0.392845 0.665290 0.391349 0.670388 0.389447 0.674165 0.388218 0.675729 0.390743 0.675617 0.392813 0.663608 0.397121 0.664189 0.402573 0.694386 0.482035 0.705373 0.511599 0.699314 0.523291 0.716067 0.522552 0.721428 0.537782 0.617775 0.569379 0.603150 0.573131 0.603319 0.575666 0.453661 0.621999 0.450804 0.621362 0.245785 0.684851 0.243875 0.683803 0.239259 0.670549 0.207033 0.677398 0.185926 0.612367 0.199320 0.604753 0.214664 0.600952 0.167632 0.476242 0.113265 0.488909 0.101157 0.484724 0.098487 0.477450 0.072278 0.394513
0 0.412153 0.491523 0.433904 0.547754 0.444058 0.548400 0.678634 0.482237 0.680063 0.474951 0.676333 0.474955 0.675835 0.473381 0.682409 0.469778 0.676521 0.455085 0.673392 0.453054 0.670842 0.444984 0.671845 0.442647 0.666269 0.428938 0.661423 0.428562 0.658576 0.428998 0.657829 0.426636 0.660163 0.423786 0.658629 0.422869 0.418485 0.484811 0.414884 0.488372
5 0.395538 0.560252 0.394017 0.567072 0.394543 0.572126 0.396509 0.577301 0.399809 0.581819 0.404582 0.585290 0.408666 0.587479 0.414071 0.589369 0.422174 0.589643 0.430071 0.588411 0.438074 0.584719 0.443086 0.579180 0.445578 0.574538 0.446218 0.566720 0.444363 0.559871 0.440007 0.554225 0.434372 0.550710 0.428299 0.548493 0.421788 0.547575 0.415296 0.547612 0.408610 0.549165 0.403794 0.551758 0.399208 0.554863
5 0.345133 0.569908 0.351272 0.565865 0.362714 0.562875 0.370604 0.563150 0.381409 0.566484 0.386817 0.571250 0.390831 0.577781 0.392160 0.584302 0.391304 0.590078 0.387262 0.596578 0.381779 0.602372 0.373378 0.605108 0.364279 0.607175 0.356418 0.605446 0.346822 0.599771 0.342840 0.594886 0.339126 0.586220 0.339634 0.580110 0.342599 0.574061
8 0.259670 0.409795 0.245447 0.413595 0.252298 0.434214 0.261214 0.432189 0.266960 0.430741 0.260875 0.413076
8 0.354349 0.371548 0.368475 0.368456 0.375281 0.389116 0.361482 0.392369
8 0.392180 0.465007 0.403910 0.462342 0.411304 0.483060 0.397167 0.486152 0.390071 0.465486
8 0.574566 0.357390 0.585300 0.355125 0.591852 0.373920 0.580495 0.376153
7 0.252711 0.301537 0.454542 0.262250 0.459713 0.277214 0.449276 0.297414 0.261985 0.335086 0.258104 0.317201
7 0.457471 0.269888 0.462076 0.260525 0.575658 0.240030 0.606718 0.234376 0.611482 0.249826 0.590443 0.268133 0.455262 0.295840 0.453092 0.289720 0.459603 0.277420
7 0.432757 0.601191 0.436391 0.612195 0.454100 0.621738 0.603208 0.575169 0.597401 0.559424 0.585143 0.558140 0.434015 0.599709
7 0.600655 0.566993 0.618212 0.569326 0.721111 0.538302 0.715361 0.522849 0.692923 0.524271 0.589771 0.552852 0.591592 0.558614 0.597742 0.559422
