6 0.638324 0.444671 0.011747 0.280610
6 0.528173 0.439288 0.009499 0.273173
6 0.546788 0.529124 0.006216 0.282413
6 0.434802 0.471035 0.006419 0.284712
8 0.446942 0.334906 0.034739 0.310743
8 0.291540 0.409532 0.030665 0.310335
8 0.482473 0.532917 0.032582 0.308297
8 0.784349 0.320413 0.029886 0.308158
7 0.299375 0.177890 0.593442 0.102080 0.598744 0.137798 0.589750 0.163548 0.309962 0.235636 0.302123 0.212158
7 0.608339 0.099369 0.841223 0.043198 0.846394 0.078324 0.813633 0.103512 0.599434 0.156291 0.596291 0.151598 0.600621 0.135605 0.596416 0.116662
7 0.759087 0.725180 0.915699 0.685162 0.957396 0.700227 0.960869 0.737172 0.786448 0.782162 0.759875 0.757130
7 0.518762 0.793393 0.736195 0.738617 0.754914 0.756673 0.763193 0.793966 0.526673 0.852695 0.518369 0.822389
0 0.505090 0.563183 0.887653 0.462386 0.892217 0.480578 0.899282 0.484003 0.914749 0.577343 0.914184 0.598463 0.521677 0.700027 0.501267 0.570218
5 0.392611 0.713843 0.428693 0.705980 0.446623 0.720484 0.457971 0.783433 0.439905 0.794351 0.430495 0.799298 0.418993 0.804287 0.404217 0.803990 0.398395 0.801432 0.383462 0.807530 0.384255 0.785067 0.377695 0.764983 0.377972 0.749666 0.376587 0.738694
5 0.469439 0.688361 0.507123 0.680615 0.523164 0.700806 0.527323 0.707708 0.530679 0.727560 0.534440 0.758701 0.521635 0.767284 0.510467 0.778509 0.485755 0.780791 0.478271 0.782578 0.464020 0.784649 0.452016 0.718740
4 0.037383 0.358536 0.223188 0.315717 0.240365 0.329195 0.266370 0.462904 0.245470 0.482353 0.061471 0.529172 0.032590 0.365939 0.037158 0.358117
1 0.134611 0.335018 0.118293 0.236072 0.147513 0.230429 0.212028 0.210128 0.297918 0.189963 0.295325 0.180650 0.593609 0.101946 0.596237 0.113785 0.606126 0.099166 0.841210 0.045978 0.845724 0.078144 0.830406 0.091980 0.851919 0.212550 0.883333 0.240458 0.898767 0.328915 0.906382 0.327721 0.907600 0.335576 0.900056 0.341822 0.904655 0.362541 0.910573 0.363165 0.912640 0.370110 0.906339 0.377224 0.913556 0.400268 0.918230 0.400025 0.913410 0.416177 0.955224 0.656599 0.940226 0.693173 0.958086 0.702624 0.961261 0.735858 0.786612 0.782191 0.777419 0.776281 0.759151 0.781555 0.761288 0.793553 0.527522 0.859005 0.525970 0.844914 0.244097 0.922753 0.239451 0.889994 0.231932 0.889254 0.224301 0.906949 0.185864 0.913670 0.170366 0.791790 0.192595 0.761760 0.214164 0.754784 0.170409 0.507987 0.061505 0.528615 0.032202 0.365849 0.035921 0.358936
