1 0.323591 0.211314 0.318191 0.222261 0.297971 0.229610 0.256671 0.324386 0.254249 0.324287 0.253450 0.327803 0.253835 0.334270 0.250529 0.341871 0.247746 0.341867 0.245855 0.344881 0.246790 0.350976 0.242739 0.358998 0.240361 0.358028 0.238539 0.360735 0.239297 0.365571 0.237649 0.372820 0.211660 0.440217 0.220740 0.464432 0.198289 0.519408 0.188782 0.516760 0.181083 0.536030 0.188448 0.550098 0.192326 0.568219 0.635419 0.730266 0.638360 0.727281 0.650006 0.657340 0.691244 0.672772 0.726155 0.660848 0.727699 0.658091 0.734237 0.601515 0.738785 0.567147 0.736289 0.564676 0.668447 0.537594 0.684533 0.439455 0.696489 0.443355 0.729471 0.413035 0.737728 0.356520 0.736696 0.355232 0.720436 0.348293 0.708449 0.361571 0.651834 0.337555 0.649308 0.338800 0.644908 0.344260 0.556984 0.306868 0.561881 0.293393 0.565618 0.279191 0.440267 0.223970 0.435497 0.236884 0.432911 0.254094 0.422325 0.249548 0.426150 0.217467 0.329086 0.175024 0.323340 0.187750 0.323576 0.211379
7 0.328947 0.174740 0.323410 0.187892 0.324921 0.229230 0.416348 0.268690 0.420744 0.255177 0.426008 0.217663
7 0.440395 0.224340 0.435454 0.237560 0.429840 0.276166 0.548247 0.326073 0.562061 0.293543 0.565735 0.278721
7 0.547050 0.649850 0.542635 0.669280 0.527598 0.679695 0.350712 0.614983 0.351459 0.597337 0.357211 0.578782 0.361868 0.580253
7 0.349062 0.593361 0.342832 0.611429 0.194460 0.555966 0.181273 0.535879 0.188514 0.516699 0.345953 0.576994
8 0.290014 0.421500 0.301982 0.427430 0.293508 0.450534 0.281348 0.444213
0 0.304378 0.250344 0.288018 0.292360 0.286578 0.302446 0.287712 0.306820 0.285545 0.315422 0.283583 0.316559 0.287358 0.335983 0.508253 0.425779 0.516017 0.410598 0.516298 0.407465 0.529220 0.351865 0.531147 0.349083 0.529530 0.346707 0.528969 0.343478
8 0.507134 0.434023 0.516723 0.437736 0.510642 0.459393 0.501005 0.455893
8 0.579230 0.559146 0.589846 0.563158 0.584721 0.586530 0.573521 0.582225
4 0.606447 0.547674 0.634726 0.524771 0.738631 0.566571 0.726960 0.658972 0.692597 0.673006 0.591697 0.634182
