1 0.390223 0.252173 0.392074 0.250591 0.393201 0.250942 0.394354 0.252635 0.406875 0.255383 0.410222 0.264726 0.471505 0.278739 0.492115 0.269782 0.535916 0.279636 0.536371 0.278521 0.536685 0.277852 0.538024 0.277677 0.539449 0.278044 0.539921 0.278500 0.540307 0.279066 0.539993 0.279735 0.539790 0.280864 0.552273 0.283612 0.552489 0.282442 0.552918 0.281408 0.553664 0.280837 0.555414 0.281148 0.557256 0.282306 0.557121 0.283059 0.556918 0.284188 0.556665 0.284827 0.569349 0.287881 0.569948 0.286799 0.569812 0.285767 0.570957 0.285069 0.572193 0.285220 0.573723 0.285741 0.574061 0.286297 0.573932 0.287355 0.573352 0.288703 0.702056 0.319021 0.710941 0.333313 0.717974 0.328773 0.733856 0.332467 0.704407 0.421883 0.700573 0.423449 0.697158 0.434252 0.701745 0.435337 0.662576 0.553709 0.661575 0.554440 0.660834 0.554184 0.660436 0.553658 0.659170 0.553763 0.658976 0.553240 0.658548 0.552969 0.658174 0.553014 0.612575 0.692865 0.611920 0.693151 0.595313 0.688988 0.593177 0.694770 0.597196 0.702038 0.590996 0.718562 0.589439 0.719427 0.530717 0.703915 0.529298 0.702069 0.527037 0.685016 0.530929 0.673844 0.408157 0.645227 0.395074 0.683631 0.387373 0.698303 0.386270 0.699001 0.384872 0.699881 0.382586 0.699661 0.305417 0.681687 0.303345 0.680418 0.302883 0.677967 0.321032 0.624842 0.275146 0.614271 0.279105 0.602493 0.278149 0.601977 0.278071 0.600362 0.289473 0.566717 0.290920 0.566796 0.304390 0.526982 0.298563 0.525859 0.298289 0.525048 0.348097 0.376997 0.348798 0.376457 0.353988 0.377736 0.355088 0.374442 0.350158 0.370478 0.350123 0.369472
7 0.390140 0.252128 0.391729 0.250635 0.393081 0.250627 0.393521 0.251003 0.394017 0.252378 0.407249 0.255422 0.412134 0.271915 0.375167 0.382957 0.365055 0.380937 0.364240 0.380279 0.360155 0.379509 0.349996 0.369983
7 0.373864 0.388379 0.364397 0.380283 0.348710 0.376418 0.348032 0.376998 0.298103 0.525054 0.298804 0.525868 0.315127 0.529391 0.327349 0.527110
7 0.733919 0.332476 0.718054 0.328522 0.703772 0.339232 0.674827 0.423857 0.689936 0.427467 0.704422 0.421752
7 0.701760 0.435428 0.683713 0.430971 0.671650 0.435257 0.635106 0.546361 0.635900 0.547127 0.646096 0.550320 0.658941 0.553270 0.659883 0.553809 0.660700 0.553897 0.661449 0.554197 0.662553 0.553863
8 0.491129 0.322721 0.488434 0.331711 0.489466 0.333566 0.507806 0.337918 0.508678 0.336558 0.511647 0.327630
8 0.401457 0.479280 0.398840 0.487342 0.400248 0.489095 0.418245 0.493354 0.419544 0.491815 0.422029 0.483952 0.420432 0.483016 0.402371 0.478743
8 0.390497 0.564827 0.388113 0.573091 0.389537 0.574385 0.407887 0.578682 0.408806 0.577466 0.411565 0.569223 0.410516 0.567949 0.392038 0.563817
8 0.499939 0.502591 0.501420 0.501821 0.519563 0.506174 0.520310 0.507509 0.517626 0.515346 0.516017 0.516087 0.498010 0.512173 0.497239 0.510483
4 0.349775 0.578376 0.334545 0.586641 0.303180 0.678459 0.304002 0.681180 0.305747 0.681576 0.384136 0.699696 0.387185 0.698329 0.395236 0.683203 0.424992 0.597359 0.423581 0.595613
5 0.612410 0.570610 0.611314 0.570095 0.610343 0.569519 0.583211 0.563374 0.581753 0.562812 0.580648 0.562214 0.567477 0.567885 0.562535 0.585241 0.562319 0.588079 0.569185 0.598473 0.574241 0.599505 0.577205 0.601334 0.582116 0.603257 0.587096 0.604099 0.593018 0.604116 0.601404 0.606252 0.603987 0.599158 0.606676 0.596960 0.608497 0.593998 0.610002 0.590776 0.610787 0.587316 0.610355 0.584480 0.609497 0.581734 0.612898 0.571817
5 0.617048 0.558018 0.614205 0.566625 0.612879 0.567112 0.581889 0.559765 0.580220 0.558907 0.573554 0.548278 0.575936 0.540869 0.576523 0.540420 0.577631 0.537553 0.577373 0.537221 0.579884 0.529533 0.589902 0.524955 0.591192 0.525351 0.592078 0.525106 0.593200 0.524881 0.594358 0.524288 0.624484 0.531815 0.625136 0.532820 0.622465 0.541396 0.623271 0.543841 0.623223 0.545783 0.623149 0.548062 0.622518 0.549803 0.621614 0.551894 0.620461 0.554134 0.619002 0.556064
0 0.595213 0.311376 0.596235 0.311887 0.596687 0.313160 0.601508 0.313307 0.602303 0.312874 0.606167 0.312303 0.619713 0.315435 0.621041 0.316851 0.633470 0.319563 0.634588 0.319147 0.650102 0.322503 0.651148 0.324190 0.650949 0.325650 0.652430 0.326377 0.653025 0.325118 0.654589 0.324749 0.655865 0.324871 0.658201 0.326015 0.658617 0.326778 0.658625 0.329233 0.594651 0.522644 0.593543 0.524901 0.591889 0.525138 0.590269 0.525272 0.588800 0.524716 0.529287 0.510531 0.528477 0.507894 0.528509 0.505504 0.529709 0.501707 0.592338 0.312340 0.593678 0.311641
2 0.533936 0.570827 0.532184 0.570629 0.528106 0.570305 0.525583 0.570802 0.522649 0.573344 0.520182 0.575659 0.518358 0.578186 0.516166 0.579628 0.515094 0.581523 0.514693 0.584040 0.515557 0.587044 0.518513 0.589922 0.521968 0.593715 0.526262 0.597097 0.531668 0.599461 0.539302 0.601262 0.547320 0.602347 0.552617 0.601812 0.561714 0.599733 0.565359 0.597686 0.567208 0.594830 0.566462 0.591451 0.563361 0.587538 0.562320 0.584092 0.563455 0.580004 0.559978 0.578278 0.554987 0.577346 0.550563 0.575873 0.542844 0.574588 0.538123 0.574051 0.535748 0.573578 0.535049 0.571547
