4 0.080750 0.343331 0.110867 0.337754 0.147664 0.329393 0.197385 0.320328 0.225596 0.313918 0.254773 0.402087 0.107015 0.437888
0 0.455420 0.442132 0.765158 0.369774 0.787366 0.448373 0.480066 0.515960
7 0.274147 0.232510 0.506617 0.179809 0.516962 0.204225 0.282029 0.255371
7 0.516395 0.177471 0.705650 0.135704 0.709533 0.160473 0.523094 0.202832
7 0.475038 0.577012 0.658263 0.539045 0.667293 0.559298 0.480525 0.600616
7 0.675889 0.531379 0.817389 0.501776 0.825849 0.524390 0.686260 0.552759
5 0.431608 0.522784 0.449881 0.516126 0.471480 0.517911 0.487122 0.529971 0.488464 0.550856 0.472038 0.561280 0.449302 0.564215 0.433091 0.554515 0.426932 0.539185
5 0.383829 0.530437 0.397318 0.528846 0.405445 0.529260 0.412623 0.533000 0.418187 0.537954 0.423173 0.545299 0.424452 0.554618 0.421569 0.566578 0.411591 0.575063 0.399323 0.578415 0.384936 0.577162 0.373982 0.572020 0.367912 0.561246 0.366793 0.548217 0.372148 0.538804
8 0.394802 0.304600 0.411685 0.300974 0.419403 0.325396 0.402812 0.329166
1 0.136103 0.269751 0.234543 0.248073 0.274542 0.239282 0.274128 0.236746 0.702864 0.137694 0.729318 0.229991 0.755438 0.244113 0.830108 0.481483 0.815023 0.503652 0.820742 0.521751 0.813730 0.525317 0.388033 0.624036 0.265452 0.651886 0.259832 0.630414 0.252934 0.631229 0.249746 0.635913 0.221032 0.640588 0.201699 0.574483 0.219810 0.564823 0.235782 0.561194 0.187761 0.423658 0.108304 0.439288 0.075545 0.345900 0.156509 0.328734
8 0.273113 0.353104 0.288723 0.349557 0.296982 0.373959 0.281442 0.377722
8 0.432606 0.416288 0.447747 0.413102 0.455297 0.436995 0.440157 0.440182
8 0.669175 0.283458 0.683380 0.280231 0.691259 0.303928 0.675864 0.307094
