7 0.342660 0.304210 0.374592 0.291834 0.616132 0.367037 0.601556 0.421531 0.339103 0.336397
7 0.616119 0.420140 0.623243 0.391547 0.627864 0.371213 0.833158 0.436442 0.852700 0.470319 0.841832 0.501607 0.837393 0.499096 0.834144 0.495484
7 0.361013 0.810682 0.363486 0.796328 0.380590 0.760438 0.385747 0.762067 0.389106 0.760023 0.394286 0.755761 0.395998 0.748229 0.539849 0.805475 0.526701 0.862175 0.522996 0.879633
7 0.557788 0.811950 0.674866 0.858456 0.674044 0.919982 0.667507 0.937166 0.540024 0.886644 0.551423 0.827218
0 0.429308 0.621628 0.717072 0.728788 0.719574 0.760627 0.718389 0.765841 0.716078 0.767905 0.716865 0.781815 0.717166 0.790914 0.713897 0.799506 0.710264 0.812019 0.704492 0.818889 0.705302 0.826907 0.709585 0.833538 0.707202 0.840547 0.700580 0.846527 0.695453 0.847081 0.692094 0.849125 0.397593 0.735590 0.407286 0.679041 0.409950 0.669636 0.411033 0.667184 0.411889 0.663418 0.413702 0.653124 0.414246 0.649571 0.412036 0.648872 0.412353 0.644005 0.416796 0.639509
5 0.352385 0.713374 0.357010 0.709060 0.359671 0.703608 0.361604 0.696668 0.363857 0.690667 0.368517 0.688155 0.373178 0.685642 0.379938 0.684841 0.388678 0.685505 0.397765 0.690893 0.402108 0.696040 0.403953 0.698091 0.398428 0.731793 0.399242 0.736036 0.398915 0.741386 0.396075 0.747621 0.392561 0.754481 0.388208 0.758769 0.382212 0.758552 0.374711 0.758699 0.367533 0.756641 0.360048 0.752808 0.354500 0.747490 0.351384 0.743988 0.347993 0.739351 0.346587 0.729888 0.348973 0.723301 0.350971 0.717639
8 0.420520 0.579760 0.433975 0.583837 0.428466 0.614032 0.414775 0.609507
8 0.313085 0.418929 0.327881 0.423803 0.324298 0.455205 0.307669 0.450949
8 0.444745 0.437794 0.458535 0.442632 0.452415 0.474031 0.438796 0.469928
8 0.702899 0.585186 0.719760 0.591396 0.710198 0.622306 0.693129 0.615517
4 0.113364 0.334409 0.172132 0.315435 0.299180 0.357177 0.290841 0.468598 0.240246 0.507906 0.233904 0.509909 0.107879 0.459676 0.109704 0.340053
1 0.234514 0.236058 0.423216 0.292539 0.624317 0.355398 0.838066 0.423604 0.846648 0.442526 0.842024 0.451534 0.852600 0.471761 0.842163 0.502572 0.830521 0.495855 0.825884 0.501144 0.801394 0.562300 0.814103 0.596508 0.776055 0.692128 0.778266 0.706335 0.774626 0.712277 0.771329 0.712924 0.770228 0.710212 0.766053 0.715985 0.768107 0.727103 0.768831 0.732736 0.764695 0.735819 0.761581 0.733147 0.759100 0.737766 0.759297 0.752013 0.756425 0.755833 0.752595 0.756312 0.740164 0.785818 0.708394 0.857592 0.685388 0.866872 0.676947 0.880078 0.674381 0.881293 0.674622 0.920544 0.666899 0.938153 0.539113 0.886974 0.550408 0.838535 0.534101 0.829668 0.523804 0.878760 0.360490 0.811967 0.363536 0.796044 0.377231 0.767274 0.361349 0.761581 0.355896 0.762898 0.329525 0.754229 0.330814 0.748557 0.267756 0.721880 0.252379 0.741675 0.245858 0.742655 0.237135 0.738210 0.180340 0.713512 0.164610 0.729819 0.143376 0.720746 0.142382 0.654578 0.197426 0.605101 0.210833 0.610350 0.215668 0.503412 0.107906 0.460586 0.109563 0.339922 0.114005 0.334233 0.173770 0.315629 0.224115 0.333437 0.232360 0.240469
