1 0.169802 0.292224 0.177023 0.290643 0.185412 0.288796 0.182582 0.271506 0.163515 0.258062 0.158898 0.232642 0.161051 0.230801 0.252694 0.214239 0.256215 0.216724 0.286317 0.250653 0.289205 0.266998 0.475738 0.230432 0.452816 0.135560 0.456226 0.129763 0.579492 0.108724 0.584658 0.110642 0.611520 0.207119 0.675583 0.194889 0.680069 0.208360 0.684763 0.208067 0.698868 0.262055 0.694831 0.265870 0.709118 0.318271 0.724773 0.315875 0.726364 0.318025 0.785745 0.554147 0.769778 0.557000 0.770420 0.559752 0.788993 0.564422 0.830434 0.752469 0.804981 0.756317 0.786647 0.739423 0.695771 0.756969 0.693099 0.758369 0.674484 0.780937 0.605514 0.793572 0.608434 0.805477 0.607396 0.807083 0.604524 0.807557 0.601749 0.806340 0.600997 0.803294 0.598934 0.794768 0.579834 0.798153 0.581788 0.807001 0.582357 0.810803 0.576224 0.812077 0.574591 0.807802 0.572738 0.799050 0.554168 0.802552 0.553984 0.809086 0.554701 0.814464 0.554003 0.815813 0.549718 0.816489 0.548089 0.814893 0.547075 0.808571 0.546683 0.803775 0.356368 0.836238 0.329585 0.820586 0.317186 0.841162 0.293533 0.844671 0.292273 0.843467 0.253676 0.708402 0.269597 0.695720 0.266390 0.684649 0.246618 0.688394 0.245256 0.685474 0.223574 0.601596 0.198624 0.501818 0.199379 0.500032 0.218750 0.496875 0.196027 0.405531
4 0.456121 0.129656 0.453861 0.132527 0.453614 0.135550 0.475997 0.231408 0.492110 0.304839 0.496870 0.306073 0.608428 0.284688 0.622055 0.252238 0.621056 0.244222 0.583978 0.110207 0.577755 0.108873
8 0.530085 0.319096 0.561577 0.313013 0.564341 0.325744 0.562944 0.329802 0.534265 0.334311 0.532466 0.331113 0.529195 0.320768
8 0.587034 0.440541 0.618536 0.434954 0.621443 0.447931 0.618936 0.449975 0.590856 0.454693 0.589818 0.452441
8 0.435618 0.467391 0.467451 0.461948 0.470143 0.475075 0.468028 0.477616 0.440637 0.481982 0.438480 0.479518
8 0.596258 0.702558 0.627309 0.696648 0.628801 0.698881 0.631294 0.711741 0.600417 0.717135 0.599561 0.715139
5 0.249722 0.397337 0.255432 0.391949 0.262067 0.388396 0.270228 0.386396 0.280118 0.386050 0.285999 0.387199 0.290839 0.388876 0.293425 0.388873 0.297478 0.387514 0.315685 0.397116 0.320098 0.399621 0.321288 0.406657 0.319829 0.406404 0.321357 0.410148 0.322685 0.415984 0.325095 0.421428 0.326274 0.427882 0.312823 0.444234 0.267928 0.451654 0.261252 0.449078 0.258746 0.436788 0.250541 0.430468 0.245844 0.423790 0.243987 0.415737 0.245049 0.408189 0.247025 0.401895
5 0.264645 0.455707 0.274233 0.453976 0.281870 0.450233 0.291712 0.448890 0.300174 0.449423 0.313210 0.447355 0.317469 0.447504 0.334422 0.457823 0.341375 0.486479 0.332038 0.497748 0.327967 0.497780 0.325313 0.497713 0.323905 0.498256 0.323620 0.499436 0.321499 0.499806 0.321995 0.503041 0.278000 0.511693 0.275216 0.500388 0.272159 0.498628 0.267763 0.494717 0.264135 0.489070 0.261842 0.483901 0.260583 0.479501 0.260723 0.474114 0.262034 0.468684 0.264237 0.463163 0.265406 0.461447 0.264096 0.456054
0 0.321879 0.499860 0.324121 0.499236 0.325577 0.497413 0.331875 0.498050 0.423738 0.481780 0.427335 0.485442 0.502151 0.791092 0.500097 0.793166 0.497184 0.790383 0.491959 0.790995 0.489945 0.791912 0.490027 0.796027 0.485122 0.796797 0.482833 0.799843 0.462784 0.803707 0.456662 0.802342 0.440951 0.804072 0.437053 0.807599 0.414078 0.811209 0.412217 0.807038 0.409653 0.805783 0.406501 0.806958 0.406023 0.808445 0.404651 0.809675 0.402549 0.807741 0.397792 0.799979 0.373766 0.710697 0.352697 0.624768 0.322038 0.505077
7 0.199264 0.499876 0.224339 0.495981 0.254896 0.496740 0.297465 0.665950 0.271011 0.684069 0.245983 0.688821 0.245127 0.684625 0.198493 0.501363
7 0.303066 0.683590 0.281978 0.686590 0.253847 0.708636 0.292224 0.844113 0.294374 0.845027 0.317060 0.840926 0.336026 0.808732
7 0.777920 0.729386 0.804880 0.756439 0.830363 0.752458 0.830456 0.750302 0.789346 0.563874 0.765441 0.558135 0.761005 0.558814 0.754132 0.557911 0.738945 0.561360 0.753955 0.629065
7 0.735556 0.553205 0.760292 0.558320 0.785390 0.553868 0.785608 0.552696 0.725336 0.316400 0.724291 0.315888 0.702252 0.319770 0.699698 0.321473 0.681628 0.339306
