9 0.533009 0.459498 0.013395 0.278546
9 0.474681 0.415775 0.013204 0.273882
9 0.398061 0.341685 0.007483 0.281627
8 0.446368 0.333569 0.029996 0.308757
8 0.483515 0.533200 0.028284 0.308486
8 0.291186 0.409089 0.029509 0.309050
8 0.784563 0.320801 0.030228 0.308718
0 0.506281 0.562889 0.884270 0.467560 0.889558 0.473735 0.886833 0.483026 0.894687 0.483114 0.899163 0.489552 0.915947 0.580843 0.912619 0.583497 0.914013 0.595661 0.911309 0.599164 0.525200 0.703012 0.519991 0.695235 0.522072 0.690882 0.501003 0.570488
5 0.388994 0.710839 0.428868 0.704314 0.448477 0.721734 0.458855 0.786209 0.441562 0.790506 0.435781 0.796696 0.425726 0.802972 0.410526 0.807024 0.403843 0.802705 0.387617 0.805361 0.383941 0.782355 0.379343 0.771312 0.378816 0.757657 0.379119 0.749350 0.376279 0.738171
5 0.468554 0.687933 0.504920 0.681616 0.520123 0.697750 0.524736 0.704752 0.525981 0.711736 0.526481 0.716745 0.529987 0.721520 0.530814 0.729377 0.530841 0.736386 0.531306 0.743991 0.534240 0.764093 0.520829 0.768431 0.515316 0.773906 0.505350 0.778607 0.492336 0.780600 0.484021 0.780335 0.464938 0.783921 0.451128 0.718956 0.466985 0.689822
4 0.037696 0.357023 0.221129 0.314696 0.240598 0.328271 0.267017 0.480396 0.184864 0.501468 0.066358 0.527534 0.061586 0.526540 0.031783 0.367054
7 0.299567 0.178928 0.593865 0.103350 0.599563 0.139387 0.588146 0.161846 0.309908 0.232024 0.301648 0.210369 0.296421 0.179045
7 0.607506 0.098005 0.841720 0.044379 0.845821 0.077109 0.815157 0.102317 0.599322 0.155441 0.595983 0.148180 0.600484 0.137342 0.596309 0.118536
7 0.765062 0.726500 0.923520 0.686199 0.958153 0.702002 0.961592 0.735191 0.789133 0.781844 0.759811 0.755931 0.756907 0.730597
7 0.518169 0.795501 0.735967 0.737677 0.755188 0.760289 0.762988 0.791338 0.527240 0.853716 0.518932 0.821736 0.515992 0.798968
1 0.135054 0.333669 0.119702 0.236981 0.146748 0.229518 0.145773 0.225126 0.216645 0.210764 0.224007 0.208810 0.299637 0.190341 0.296736 0.178870 0.592697 0.103264 0.594912 0.113245 0.599654 0.113852 0.607308 0.097254 0.842707 0.042947 0.845565 0.074973 0.829089 0.090144 0.850679 0.214535 0.880357 0.234891 0.897795 0.331000 0.906391 0.328220 0.906906 0.335328 0.899414 0.339891 0.903079 0.364381 0.912425 0.361787 0.912609 0.369001 0.905360 0.373058 0.910194 0.398026 0.916742 0.397192 0.917345 0.404700 0.912434 0.409711 0.957154 0.662235 0.937982 0.692399 0.958655 0.704114 0.963076 0.735206 0.789052 0.782930 0.780554 0.774980 0.760451 0.780198 0.763796 0.793666 0.528459 0.854800 0.524897 0.843542 0.245278 0.921566 0.237768 0.889332 0.231373 0.889261 0.223057 0.906072 0.188167 0.913077 0.168165 0.789456 0.191417 0.760112 0.213592 0.754652 0.168035 0.504744 0.065336 0.528972 0.060458 0.524558 0.031949 0.364212 0.035248 0.356726
