7 0.296759 0.130316 0.315021 0.136422 0.326324 0.163804 0.285779 0.327068 0.272578 0.327909 0.250575 0.309052
7 0.250538 0.317688 0.269758 0.325418 0.281439 0.339449 0.239019 0.524992 0.237262 0.530389 0.237274 0.533839 0.233676 0.546174 0.232715 0.548064 0.215774 0.553676 0.196566 0.548232 0.250072 0.318571
7 0.589606 0.585897 0.631171 0.412302 0.614639 0.406765 0.595748 0.413954 0.560318 0.567556 0.559769 0.571142 0.573636 0.580223
7 0.653151 0.256248 0.669277 0.263571 0.635476 0.394816 0.611660 0.402641 0.603720 0.396686 0.632423 0.273855
0 0.533663 0.222629 0.551701 0.228329 0.552744 0.232461 0.561887 0.234766 0.565729 0.234225 0.580884 0.238429 0.582436 0.243598 0.581274 0.247619 0.582770 0.248676 0.584625 0.244875 0.588856 0.253524 0.577668 0.300585 0.521267 0.540103 0.515944 0.542808 0.501391 0.537039 0.469077 0.526535 0.452737 0.519910 0.456140 0.497295 0.478645 0.398243 0.512169 0.252869 0.516513 0.229383 0.521668 0.226332 0.522943 0.230537 0.526937 0.231507 0.528977 0.226887 0.531464 0.223578
8 0.421345 0.253423 0.187232 0.024387
8 0.431204 0.518331 0.186507 0.023131
8 0.314223 0.610938 0.186883 0.022823
4 0.238735 0.639849 0.261215 0.620776 0.341316 0.647169 0.334225 0.681404 0.307746 0.787868 0.305987 0.794607 0.297778 0.809575 0.293531 0.810124 0.207203 0.783924 0.205014 0.779451 0.237839 0.642029
1 0.180552 0.675472 0.184632 0.659529 0.182313 0.656635 0.195065 0.605545 0.197045 0.605901 0.209689 0.552267 0.197610 0.548991 0.227636 0.416831 0.251798 0.319554 0.262022 0.324946 0.263225 0.319653 0.251239 0.309920 0.296827 0.130432 0.314461 0.135465 0.322248 0.153596 0.389186 0.177452 0.412298 0.163410 0.456836 0.179027 0.458138 0.174304 0.460619 0.173467 0.464407 0.174935 0.463459 0.181120 0.474027 0.185000 0.476882 0.180498 0.480357 0.181326 0.481035 0.186404 0.481332 0.188119 0.491744 0.191679 0.493843 0.187479 0.497803 0.188191 0.500138 0.190009 0.498424 0.193520 0.630837 0.241578 0.640996 0.266404 0.651978 0.256365 0.668497 0.264287 0.636322 0.393808 0.627954 0.397379 0.624763 0.410419 0.631855 0.413472 0.589638 0.586637 0.584709 0.586160 0.571296 0.642174 0.538499 0.783504 0.524967 0.780578 0.520680 0.791382 0.525039 0.805458 0.519067 0.832752 0.454130 0.815203 0.452722 0.812327 0.451909 0.775594 0.456315 0.760234 0.325305 0.722076 0.307917 0.792184 0.297296 0.810713 0.206837 0.784558 0.204720 0.778756 0.225662 0.691618
