0 0.504772 0.478881 0.751694 0.526789 0.753605 0.530295 0.749752 0.531979 0.756230 0.533451 0.753448 0.548947 0.750947 0.550171 0.749261 0.560284 0.750458 0.564139 0.747866 0.577118 0.742377 0.579199 0.741245 0.582782 0.743348 0.583772 0.744475 0.584028 0.741858 0.587530 0.734439 0.587124 0.627975 0.565751 0.623990 0.569069 0.486790 0.541134 0.490222 0.528764 0.492139 0.516655 0.499875 0.484626
8 0.517927 0.373000 0.528014 0.375294 0.522881 0.394388 0.510893 0.391665 0.516333 0.373022
8 0.411099 0.366288 0.423104 0.369376 0.417490 0.388490 0.404187 0.385468 0.409429 0.367532
8 0.494633 0.458299 0.506528 0.461203 0.501098 0.479887 0.489144 0.477171
8 0.710623 0.442609 0.722061 0.445421 0.717214 0.463943 0.705353 0.461675
5 0.393222 0.523049 0.402433 0.519675 0.411112 0.519057 0.419638 0.522145 0.425670 0.526680 0.430306 0.533489 0.432347 0.538844 0.430859 0.545699 0.427557 0.551855 0.421511 0.555949 0.413969 0.559414 0.405058 0.559692 0.396192 0.557677 0.388051 0.551224 0.384767 0.544435 0.384378 0.536002 0.387726 0.527555
5 0.451616 0.529410 0.461415 0.528472 0.470597 0.530558 0.476567 0.534216 0.481543 0.539950 0.484278 0.546327 0.483825 0.553129 0.481473 0.559500 0.475914 0.563129 0.466997 0.567722 0.456311 0.569322 0.443629 0.563276 0.440260 0.556756 0.437655 0.547819 0.439080 0.540086 0.444221 0.533485
7 0.470882 0.279764 0.650693 0.318242 0.646614 0.331152 0.631573 0.351541 0.493401 0.321785 0.488597 0.319206 0.489308 0.310292 0.486034 0.309548 0.484066 0.311332 0.482244 0.318209 0.479253 0.317679 0.478148 0.319511 0.475364 0.318878 0.475380 0.316055 0.470424 0.315077 0.471735 0.307043 0.467686 0.305974 0.465966 0.309750 0.464953 0.315174 0.463021 0.314645
7 0.642899 0.336909 0.637222 0.351868 0.767883 0.379943 0.793360 0.363976 0.797192 0.350343 0.657283 0.318958 0.648959 0.330765 0.646869 0.331365 0.645082 0.333510 0.643335 0.335531
7 0.460264 0.585597 0.455644 0.601491 0.614391 0.631225 0.618597 0.614723
7 0.618895 0.616098 0.637622 0.616850 0.751890 0.638102 0.748442 0.653667 0.632251 0.632811 0.614829 0.630516
4 0.382847 0.399150 0.270912 0.375282 0.256524 0.350623 0.279530 0.283472 0.284100 0.281917 0.398545 0.306190 0.401365 0.308560 0.402415 0.338918
1 0.354643 0.274903 0.371092 0.278640 0.372196 0.273455 0.415455 0.283921 0.414268 0.287677 0.464972 0.298302 0.470215 0.280040 0.650393 0.317469 0.646854 0.331179 0.648792 0.330842 0.657445 0.319407 0.796748 0.350474 0.793094 0.364211 0.777446 0.373862 0.768862 0.428071 0.782273 0.445512 0.777423 0.472393 0.783153 0.470573 0.788055 0.471704 0.786615 0.475352 0.776170 0.479954 0.774237 0.485829 0.780298 0.485690 0.785537 0.486604 0.784662 0.490404 0.773807 0.494190 0.772191 0.500015 0.776489 0.500992 0.780874 0.500273 0.783213 0.501757 0.781796 0.505532 0.771536 0.509202 0.771165 0.514643 0.766905 0.539595 0.761387 0.575503 0.755887 0.607937 0.753472 0.625145 0.751633 0.633697 0.746612 0.636910 0.752188 0.638247 0.748372 0.653961 0.732957 0.651782 0.730665 0.656696 0.724715 0.659663 0.717962 0.659017 0.695499 0.655049 0.647288 0.646482 0.612347 0.640021 0.572123 0.632472 0.543351 0.627299 0.508444 0.620731 0.458367 0.611286 0.257297 0.576949 0.264284 0.551710 0.245958 0.547127 0.230281 0.539390 0.252085 0.480001 0.277631 0.486028 0.282139 0.490970 0.285464 0.491725 0.318708 0.385699 0.271104 0.375555 0.256125 0.351114 0.279740 0.283336 0.283498 0.282017 0.348112 0.295384
