1 0.476358 0.253290 0.488431 0.256467 0.486660 0.279101 0.532401 0.290141 0.548666 0.284924 0.578857 0.292433 0.579492 0.290806 0.581875 0.289854 0.588014 0.275502 0.590594 0.275953 0.586587 0.290653 0.589467 0.291171 0.591494 0.294889 0.595065 0.292714 0.600923 0.279249 0.603205 0.279631 0.603840 0.281675 0.600324 0.294315 0.603232 0.295247 0.604494 0.297841 0.608364 0.295734 0.613953 0.282615 0.616135 0.282296 0.616931 0.283834 0.613284 0.297394 0.616302 0.298487 0.616915 0.301612 0.636818 0.306540 0.641219 0.302245 0.642425 0.301976 0.654040 0.304750 0.655222 0.307597 0.662733 0.309167 0.664978 0.307641 0.677639 0.310652 0.678275 0.314238 0.677656 0.316994 0.685128 0.318584 0.700685 0.322224 0.715579 0.326357 0.721192 0.333425 0.731856 0.316108 0.744910 0.318858 0.727154 0.378224 0.724289 0.386478 0.725611 0.387100 0.697985 0.476088 0.693762 0.488646 0.653762 0.620660 0.650022 0.622179 0.631832 0.616864 0.624926 0.623979 0.570862 0.606438 0.572650 0.598819 0.448137 0.564489 0.457146 0.567330 0.441283 0.596883 0.437988 0.597976 0.371140 0.577664 0.363189 0.558622 0.370861 0.542732 0.335033 0.531832 0.335664 0.529344 0.343864 0.515682 0.344089 0.513496 0.341405 0.513150 0.356696 0.484914 0.359610 0.484534 0.368819 0.467679 0.378930 0.449448 0.375724 0.435037 0.402847 0.385088 0.432924 0.330213 0.435425 0.330649 0.434968 0.326204 0.441321 0.313963 0.474117 0.255890
7 0.721579 0.333048 0.731830 0.315914 0.745079 0.319037 0.727239 0.377589 0.721311 0.386146 0.711831 0.383424 0.701866 0.398801 0.699002 0.397240 0.717032 0.340211
7 0.701785 0.398810 0.699804 0.399052 0.692599 0.420697 0.670079 0.490497 0.684130 0.494226 0.698309 0.475471 0.712862 0.428291 0.725532 0.387066 0.711904 0.383433 0.701831 0.398664
7 0.447672 0.356349 0.445937 0.333687 0.432942 0.330131 0.375757 0.435231 0.380837 0.457053 0.383518 0.456695 0.393407 0.460150 0.397572 0.457348 0.398504 0.450791 0.399990 0.448349 0.401116 0.448846 0.403276 0.446073 0.404286 0.440622 0.409633 0.429619 0.418928 0.413460 0.440670 0.370609 0.447404 0.357195
7 0.447818 0.354595 0.448996 0.353007 0.456264 0.339906 0.472388 0.309482 0.486114 0.284238 0.488071 0.256399 0.476336 0.253161 0.473614 0.256696 0.452111 0.294780 0.434782 0.326074 0.435280 0.330914 0.445953 0.333768
0 0.633661 0.305875 0.637007 0.306489 0.641972 0.301982 0.653910 0.304912 0.654300 0.306684 0.655286 0.307932 0.662477 0.309492 0.665021 0.307728 0.677501 0.310855 0.677727 0.314785 0.678069 0.315887 0.677653 0.317476 0.680961 0.317934 0.683405 0.320715 0.666343 0.368926 0.634932 0.457482 0.624437 0.467642 0.575045 0.454688 0.577147 0.440119 0.608725 0.361832 0.630981 0.307274
8 0.547303 0.318538 0.544863 0.324490 0.561391 0.328717 0.563736 0.322625
8 0.549637 0.447380 0.546998 0.454279 0.547225 0.455824 0.564221 0.459926 0.567587 0.452292
8 0.464416 0.424402 0.463445 0.425068 0.461414 0.430890 0.461536 0.432610 0.478604 0.436647 0.479358 0.434563 0.482086 0.429543 0.481123 0.428680
5 0.639097 0.459912 0.645561 0.460265 0.651601 0.462714 0.657162 0.465815 0.660806 0.470930 0.661887 0.476149 0.658514 0.484627 0.655378 0.489557 0.655372 0.494011 0.652581 0.502286 0.651693 0.505648 0.649404 0.505129 0.646381 0.500284 0.644848 0.497404 0.641276 0.494621 0.637735 0.493272 0.632712 0.491983 0.627948 0.492089 0.623663 0.492897 0.619398 0.494750 0.614675 0.488629 0.616491 0.483993 0.620621 0.473552 0.626295 0.465728 0.628989 0.462762 0.634282 0.460414
5 0.618582 0.495041 0.615178 0.498127 0.612629 0.502350 0.609313 0.505798 0.607993 0.509014 0.604737 0.518993 0.603513 0.520945 0.609979 0.529613 0.618554 0.528731 0.627441 0.530063 0.633715 0.531659 0.642971 0.534705 0.645040 0.527200 0.647836 0.517716 0.651134 0.509035 0.650449 0.506936 0.649233 0.504656 0.646406 0.500156 0.644315 0.496851 0.640547 0.494366 0.636288 0.492799 0.632726 0.491904 0.628124 0.492060 0.623371 0.492695
4 0.370840 0.577726 0.437983 0.597728 0.441335 0.596587 0.476451 0.522173 0.477882 0.499590 0.476401 0.498363 0.403928 0.479040 0.402124 0.480312 0.363097 0.558334
