1 0.544074 0.301194 0.715468 0.353448 0.715655 0.354981 0.712095 0.369863 0.714639 0.370456 0.721681 0.363835 0.742859 0.369684 0.743534 0.372214 0.726658 0.443334 0.723309 0.446278 0.707565 0.452677 0.693810 0.448753 0.657657 0.600767 0.717025 0.622472 0.719213 0.624637 0.719132 0.627350 0.694783 0.723489 0.692370 0.725465 0.632307 0.705225 0.619717 0.757481 0.602873 0.752279 0.601117 0.753366 0.587001 0.748086 0.584281 0.746269 0.572914 0.742677 0.571520 0.743195 0.560306 0.738420 0.559962 0.735849 0.509253 0.717503 0.507615 0.723689 0.508119 0.724532 0.507042 0.725697 0.505598 0.725925 0.503424 0.726332 0.331528 0.663816 0.333443 0.655391 0.323776 0.662188 0.322195 0.662509 0.321228 0.661656 0.191334 0.611862 0.190832 0.608968 0.194941 0.593438 0.214683 0.589278 0.231376 0.516843 0.222272 0.495635 0.233879 0.448135 0.234279 0.444841 0.228774 0.442007 0.223902 0.440468 0.222611 0.439512 0.222505 0.437427 0.223769 0.436458 0.226996 0.437067 0.232892 0.439204 0.235461 0.440152 0.237747 0.428561 0.238464 0.425915 0.236661 0.424661 0.231710 0.422960 0.227546 0.421371 0.228271 0.418180 0.230777 0.417877 0.233591 0.418766 0.238463 0.420305 0.239878 0.420205 0.241212 0.414333 0.242481 0.409262 0.243053 0.407254 0.240737 0.405701 0.236494 0.403950 0.233925 0.403002 0.233531 0.400141 0.235048 0.398568 0.239646 0.400294 0.243189 0.401550 0.244084 0.401696 0.245532 0.397366 0.280285 0.257717 0.297126 0.245389 0.284341 0.230678 0.289051 0.213013 0.390086 0.244797 0.396153 0.255880 0.402129 0.258178 0.404621 0.249252 0.543274 0.294152
7 0.404522 0.249677 0.400141 0.267572 0.411996 0.288743 0.539211 0.329924 0.539857 0.329386 0.544614 0.314452 0.543160 0.294095
7 0.390029 0.244727 0.400810 0.263705 0.399991 0.267772 0.402205 0.271795 0.399294 0.284855 0.304632 0.254311 0.284705 0.230588 0.289121 0.213089
7 0.222823 0.587328 0.194714 0.593463 0.190986 0.609446 0.191597 0.612236 0.322059 0.662147 0.322987 0.663117 0.324734 0.661750 0.333600 0.655180 0.336079 0.643431 0.345682 0.638675 0.346717 0.633696 0.344754 0.631382
7 0.351249 0.635692 0.336328 0.643623 0.331821 0.663876 0.505196 0.726411 0.507541 0.726081 0.508244 0.723984 0.507695 0.722739 0.515141 0.692970 0.512957 0.691923
8 0.564838 0.592073 0.575480 0.595968 0.569156 0.619820 0.558964 0.615933
8 0.492363 0.462856 0.503354 0.466642 0.497712 0.490296 0.486779 0.486841
4 0.600019 0.584825 0.604734 0.583383 0.717213 0.622540 0.719293 0.625611 0.694380 0.724300 0.691821 0.725905 0.577818 0.683163 0.574436 0.680026 0.575089 0.672645 0.594278 0.593356 0.598160 0.587858
8 0.286597 0.472501 0.296700 0.476189 0.290882 0.499326 0.280909 0.495679
0 0.273701 0.307443 0.279400 0.308755 0.283653 0.302783 0.508841 0.373928 0.511370 0.380092 0.495055 0.449480 0.491940 0.452120 0.488341 0.451972 0.267044 0.378761 0.265242 0.371932 0.267442 0.371474 0.264907 0.367872 0.265031 0.366099 0.259826 0.363796 0.259179 0.358649 0.263473 0.342214 0.265943 0.341182 0.268197 0.330033 0.267192 0.327080 0.271853 0.307796
