6 0.643695 0.443740 0.010326 0.278505
6 0.556043 0.508760 0.006892 0.283427
6 0.441913 0.428552 0.010810 0.271739
8 0.447344 0.333806 0.029574 0.309038
8 0.482262 0.532559 0.028115 0.308908
8 0.292280 0.409265 0.034146 0.307483
8 0.785185 0.319802 0.029711 0.309655
0 0.500805 0.567136 0.888304 0.462120 0.889926 0.478352 0.895326 0.482590 0.899340 0.487276 0.917413 0.575385 0.913825 0.592704 0.912380 0.597360 0.523577 0.700963
5 0.388176 0.712721 0.430993 0.706924 0.447443 0.720754 0.457536 0.786310 0.438670 0.790616 0.432140 0.796917 0.421234 0.805830 0.403440 0.803805 0.387901 0.805240 0.383530 0.783315 0.380746 0.775239 0.378662 0.759156 0.376207 0.741399
5 0.466375 0.689389 0.506211 0.681839 0.515762 0.691687 0.523478 0.699298 0.524985 0.706088 0.526743 0.714009 0.528357 0.722786 0.531471 0.732290 0.529923 0.744919 0.533485 0.763981 0.520824 0.767268 0.514500 0.774973 0.503902 0.780017 0.484278 0.779087 0.464182 0.783565 0.451988 0.719589 0.466269 0.691927
7 0.515294 0.798925 0.734266 0.740444 0.756770 0.758298 0.762293 0.791697 0.527951 0.854236 0.516230 0.815073
7 0.758960 0.729387 0.922827 0.686876 0.958256 0.703291 0.961988 0.735442 0.789411 0.783030 0.763386 0.754434
7 0.606654 0.098703 0.841834 0.044201 0.846676 0.079648 0.817647 0.102288 0.599279 0.153263 0.595508 0.149913 0.599496 0.137199 0.596580 0.118950 0.605763 0.097245 0.605625 0.100032
7 0.297337 0.177618 0.593741 0.104455 0.599074 0.137002 0.590012 0.160952 0.310121 0.231368 0.302047 0.212045
4 0.036920 0.357493 0.222498 0.313924 0.241421 0.329281 0.266358 0.482520 0.066822 0.529689 0.059400 0.525235 0.031795 0.365091
1 0.136639 0.333676 0.118224 0.236519 0.145546 0.228463 0.144899 0.225548 0.215442 0.208202 0.298461 0.188773 0.296497 0.178472 0.593772 0.103030 0.595838 0.115252 0.606447 0.098931 0.841475 0.044403 0.844995 0.079200 0.831501 0.089814 0.852429 0.214680 0.880791 0.237536 0.897381 0.331206 0.905470 0.329762 0.907670 0.335300 0.899646 0.341410 0.903691 0.359632 0.904581 0.363642 0.912126 0.361202 0.912574 0.366134 0.904609 0.371054 0.908683 0.396688 0.917419 0.398159 0.917043 0.403749 0.912641 0.408688 0.956412 0.662685 0.938073 0.695178 0.957664 0.703294 0.962730 0.734857 0.787727 0.782862 0.782385 0.774825 0.762003 0.780635 0.762421 0.794172 0.529079 0.855967 0.524496 0.842606 0.244477 0.920669 0.237961 0.888403 0.231984 0.889164 0.223046 0.905726 0.188276 0.912284 0.169527 0.791401 0.192437 0.760556 0.213804 0.754817 0.167246 0.504297 0.065200 0.529879 0.059217 0.524783 0.031271 0.365387 0.035549 0.356972
