1 0.228475 0.352903 0.226595 0.354037 0.226832 0.363144 0.214052 0.380144 0.219506 0.470605 0.218168 0.472108 0.218399 0.475815 0.219476 0.478536 0.220682 0.487877 0.219125 0.489088 0.219718 0.493042 0.220881 0.496815 0.221947 0.498819 0.221612 0.505406 0.219760 0.505991 0.219384 0.509711 0.221592 0.514054 0.222719 0.515418 0.228665 0.591091 0.246614 0.604977 0.249636 0.652466 0.241010 0.653958 0.242667 0.674401 0.252178 0.683376 0.257153 0.693433 0.261861 0.697055 0.264450 0.701874 0.686448 0.580356 0.687550 0.576660 0.667823 0.514180 0.707509 0.503404 0.727946 0.468405 0.699109 0.390826 0.695920 0.390600 0.631691 0.406487 0.606526 0.328629 0.617829 0.325762 0.629242 0.276697 0.612312 0.231129 0.595980 0.234879 0.592800 0.252445 0.538609 0.265161 0.536769 0.266271 0.535734 0.272236 0.534714 0.278901 0.487188 0.290040 0.486698 0.290044 0.486013 0.288904 0.465566 0.293958 0.465138 0.294696 0.450650 0.298419 0.449251 0.280990 0.446240 0.268240 0.324708 0.294288 0.326227 0.306689 0.331799 0.325303 0.321106 0.327956 0.311350 0.297083 0.217312 0.317968 0.217988 0.331315
7 0.324855 0.294237 0.326322 0.307829 0.337152 0.343315 0.452120 0.318352 0.449198 0.281155 0.446200 0.268384
7 0.311287 0.297061 0.321056 0.328721 0.324795 0.346432 0.234998 0.365918 0.217992 0.331372 0.217308 0.317869
7 0.241187 0.653978 0.242845 0.674368 0.261896 0.690105 0.405222 0.650297 0.404107 0.638579 0.393200 0.613110
7 0.401939 0.609647 0.405076 0.628166 0.412243 0.647658 0.579553 0.600273 0.585795 0.576405 0.580645 0.559504
8 0.483828 0.519161 0.494203 0.516443 0.499451 0.538841 0.488855 0.541630
8 0.571583 0.478358 0.580861 0.475841 0.586644 0.497574 0.585568 0.498412 0.577393 0.500829 0.576262 0.498947 0.571208 0.479803
8 0.462758 0.421935 0.471773 0.419678 0.476571 0.438954 0.475679 0.440911 0.467132 0.443020
8 0.285521 0.532950 0.296048 0.529812 0.299291 0.552851 0.287766 0.555458
0 0.227260 0.388521 0.230146 0.415929 0.232161 0.432699 0.237444 0.450396 0.239610 0.455366 0.245598 0.468601 0.459953 0.415700 0.460047 0.396724 0.446542 0.341857 0.443594 0.337440 0.442344 0.337071
4 0.597950 0.415617 0.589464 0.455510 0.611127 0.527070 0.613764 0.529022 0.707167 0.504090 0.727902 0.469083 0.699229 0.391181 0.696015 0.390406
