1 0.414169 0.307647 0.412518 0.313366 0.369619 0.296891 0.367264 0.298331 0.347021 0.350191 0.346350 0.352371 0.350004 0.384424 0.352366 0.386836 0.382766 0.397798 0.353319 0.480871 0.350237 0.479688 0.349156 0.468527 0.348368 0.467341 0.334175 0.461502 0.332850 0.462031 0.331853 0.464149 0.313382 0.509170 0.313318 0.511305 0.319463 0.537448 0.331521 0.542504 0.323158 0.565718 0.324165 0.569020 0.654995 0.688988 0.660565 0.685455 0.662051 0.682616 0.662746 0.673792 0.677333 0.663072 0.695151 0.534809 0.697603 0.531834 0.698483 0.530017 0.698746 0.528445 0.698567 0.527175 0.697876 0.526516 0.696823 0.526624 0.696200 0.527309 0.695833 0.527100 0.696600 0.522092 0.699395 0.518838 0.701014 0.517202 0.701192 0.515826 0.700931 0.514749 0.700116 0.513735 0.699535 0.513472 0.698801 0.513439 0.697589 0.514170 0.698712 0.508040 0.702158 0.503998 0.702989 0.501675 0.702932 0.500145 0.702180 0.499748 0.700791 0.499627 0.699729 0.499848 0.701473 0.487272 0.692807 0.472279 0.692251 0.470273 0.699660 0.418194 0.708889 0.405319 0.710441 0.396262 0.711077 0.395985 0.711212 0.395391 0.711109 0.394802 0.710611 0.394326 0.709663 0.393748 0.616606 0.358099 0.615873 0.358646 0.605994 0.380061 0.603733 0.379283 0.609024 0.367314 0.611262 0.356744 0.610688 0.356051 0.493561 0.312130 0.493379 0.311450 0.492711 0.311861 0.492283 0.312688 0.489714 0.321890 0.489555 0.322801 0.489578 0.323544 0.487214 0.335640 0.479852 0.332853 0.480208 0.331287 0.480323 0.330394 0.480063 0.329899 0.478792 0.329135 0.477864 0.328790 0.477199 0.329406 0.476907 0.331173 0.476575 0.331481 0.453592 0.322924 0.453762 0.321403 0.453843 0.320370 0.454089 0.319002 0.454307 0.318038 0.454128 0.317284 0.445897 0.314320 0.445350 0.313450 0.435427 0.309823 0.435039 0.310087 0.425411 0.306708 0.424067 0.311473
4 0.443748 0.325580 0.445127 0.326912 0.445332 0.327681 0.442103 0.363396 0.425553 0.412627 0.423095 0.412939 0.352044 0.386380 0.350052 0.384406 0.346653 0.354468 0.346491 0.351601 0.347424 0.349400 0.367335 0.298031 0.368369 0.296821 0.369854 0.296971
7 0.493691 0.312071 0.493465 0.311709 0.493132 0.311570 0.492580 0.312022 0.492081 0.313501 0.489623 0.322350 0.485666 0.344443 0.486625 0.344890 0.488552 0.334429 0.489318 0.333035 0.489998 0.332913 0.491074 0.333205 0.491403 0.334272 0.491432 0.335580 0.489643 0.347048 0.490189 0.347701 0.492282 0.348363 0.493667 0.351785 0.496004 0.350117 0.497704 0.350174 0.498380 0.347740 0.499228 0.344543 0.500152 0.339396 0.500565 0.337938 0.501276 0.336960 0.502226 0.336731 0.503395 0.337870 0.501097 0.351583 0.503662 0.352683 0.504553 0.355227 0.503992 0.357697 0.598416 0.392410 0.608928 0.367142 0.611228 0.356655 0.610842 0.356196
7 0.603524 0.387076 0.602354 0.392068 0.602518 0.393749 0.693167 0.427455 0.708906 0.405252 0.710575 0.396182 0.711210 0.395727 0.711251 0.395227 0.710978 0.394513 0.710110 0.393868 0.616747 0.358145 0.615905 0.358651 0.604957 0.381568
7 0.674980 0.652640 0.672362 0.667368 0.655982 0.678236 0.577249 0.648691 0.579485 0.635189 0.591642 0.621884
7 0.579316 0.618909 0.576103 0.633368 0.565476 0.645565 0.460542 0.607343 0.461586 0.602129 0.462833 0.598800 0.462879 0.596745 0.464775 0.590559 0.468308 0.579016 0.468785 0.577842 0.470146 0.578025
0 0.674888 0.552158 0.677745 0.553915 0.679124 0.555275 0.679737 0.556821 0.677512 0.569277 0.676552 0.572174 0.675433 0.580286 0.676179 0.581517 0.673930 0.594606 0.671932 0.599949 0.670195 0.600965 0.669188 0.606195 0.670601 0.607140 0.670483 0.608454 0.668899 0.609589 0.662760 0.615117 0.659690 0.616423 0.487293 0.553232 0.487257 0.550152 0.489422 0.542363 0.489832 0.540558 0.491463 0.534868 0.501681 0.493863 0.502102 0.491260 0.502215 0.490762 0.505488 0.489795 0.508106 0.490222
8 0.650541 0.479891 0.658254 0.482799 0.655293 0.498597 0.653903 0.498695 0.647430 0.496851 0.647428 0.495103
8 0.518449 0.402347 0.525258 0.404915 0.521263 0.420958 0.519985 0.420901 0.513829 0.418816 0.514130 0.416973 0.517729 0.402673
8 0.498551 0.476012 0.505576 0.478925 0.505376 0.481354 0.503173 0.490280 0.502355 0.490782 0.501160 0.495527 0.500032 0.495586 0.494138 0.493377 0.494238 0.492162
8 0.445942 0.388231 0.453069 0.391031 0.452149 0.395592 0.449056 0.405892 0.447553 0.406647 0.441140 0.404278 0.440957 0.402785 0.445315 0.388443
5 0.466248 0.531002 0.468636 0.530213 0.472412 0.530152 0.476965 0.532074 0.481140 0.534938 0.483840 0.537818 0.485480 0.541039 0.486576 0.544859 0.487127 0.547832 0.487277 0.550775 0.486963 0.553956 0.485396 0.559058 0.483920 0.564478 0.482550 0.570511 0.482416 0.571819 0.479746 0.580336 0.479195 0.581320 0.469071 0.577637 0.468169 0.579089 0.464679 0.577889 0.463164 0.576638 0.460819 0.575800 0.459627 0.576002 0.446451 0.571354 0.446295 0.570243 0.449892 0.555844 0.450340 0.555310 0.453288 0.544854 0.454669 0.542010 0.455893 0.539502 0.458202 0.536179 0.461503 0.533169 0.464054 0.531659
5 0.429509 0.517164 0.433372 0.516721 0.437279 0.517559 0.440671 0.519187 0.443724 0.521420 0.446154 0.524328 0.448457 0.528385 0.449389 0.532563 0.449897 0.537717 0.449493 0.540680 0.450612 0.541668 0.450673 0.544065 0.443036 0.569707 0.442157 0.570618 0.430137 0.565867 0.428249 0.564715 0.424727 0.563364 0.422980 0.563367 0.420919 0.563270 0.410428 0.559478 0.410091 0.557707 0.410257 0.554906 0.413508 0.543253 0.414207 0.542840 0.415297 0.539222 0.415823 0.535425 0.416316 0.531777 0.416774 0.529464 0.417742 0.526680 0.420379 0.522758 0.422546 0.520907 0.424345 0.519494 0.427168 0.518009
2 0.422045 0.551041 0.423817 0.552686 0.426001 0.551840 0.428674 0.551872 0.429682 0.554179 0.431664 0.554896 0.433177 0.553295 0.435613 0.552348 0.438998 0.551611 0.441759 0.554291 0.443552 0.558202 0.442570 0.562862 0.440169 0.566351 0.439525 0.567503 0.441061 0.570519 0.438542 0.573518 0.435734 0.574077 0.430677 0.573743 0.428284 0.574162 0.425763 0.574810 0.422382 0.576543 0.416291 0.571997 0.413992 0.568288 0.413868 0.564452 0.414606 0.560528 0.414357 0.556564 0.414747 0.553162 0.415570 0.549537 0.417359 0.547391 0.421323 0.548825
