7 0.131573 0.266011 0.281859 0.227661 0.294731 0.261947 0.299775 0.287121 0.164531 0.323857 0.135267 0.291952
7 0.298970 0.222109 0.493734 0.175312 0.499201 0.202350 0.493869 0.239991 0.319330 0.281151 0.304540 0.245872
7 0.455454 0.741186 0.671234 0.668395 0.700262 0.678401 0.707140 0.704194 0.457125 0.788775 0.453701 0.760293
7 0.228863 0.828247 0.249573 0.807609 0.441409 0.744205 0.446553 0.765352 0.446039 0.795877 0.235786 0.858708
8 0.279745 0.615649 0.024580 0.294738
8 0.525811 0.436066 0.022530 0.290900
8 0.561102 0.591937 0.026265 0.294080
8 0.681643 0.525902 0.024486 0.292013
4 0.695337 0.471188 0.735166 0.452244 0.867591 0.412570 0.872681 0.416523 0.872376 0.420946 0.902331 0.536624 0.901507 0.543373 0.769284 0.588545 0.725071 0.591081
0 0.163059 0.391934 0.169402 0.390512 0.170931 0.384205 0.182015 0.378665 0.191582 0.376225 0.355507 0.331715 0.490253 0.297881 0.493775 0.301428 0.501871 0.329449 0.513703 0.388032 0.518020 0.402686 0.512851 0.409270 0.400895 0.443476 0.259435 0.481469 0.198932 0.497672 0.191478 0.494203 0.188709 0.490709 0.187412 0.485003 0.183504 0.478666 0.178213 0.472766 0.174214 0.468205 0.161306 0.395109
5 0.481744 0.257723 0.489386 0.257662 0.491156 0.250728 0.501201 0.240571 0.519531 0.236298 0.531817 0.239399 0.541103 0.251949 0.545311 0.263674 0.544465 0.280336 0.543978 0.288383 0.545107 0.295616 0.535090 0.316086 0.504320 0.323379 0.499864 0.319625 0.496861 0.312073 0.495831 0.307541 0.496851 0.302969 0.495435 0.296737 0.488326 0.297161 0.483582 0.294410 0.479819 0.280115 0.479616 0.270160 0.480279 0.261754 0.480390 0.261112
1 0.520574 0.195590 0.692131 0.157784 0.693963 0.163581 0.713670 0.158569 0.729878 0.132500 0.753830 0.129183 0.755666 0.131032 0.778249 0.212851 0.775759 0.220013 0.737183 0.263168 0.721781 0.265605 0.770931 0.441654 0.868499 0.412346 0.873148 0.416950 0.873060 0.423353 0.902505 0.535285 0.901584 0.542559 0.801573 0.578103 0.818083 0.656418 0.802282 0.660499 0.773872 0.672511 0.754727 0.678863 0.739887 0.682640 0.705521 0.695623 0.707229 0.705406 0.457656 0.788201 0.456136 0.774716 0.446853 0.779167 0.445814 0.794978 0.236627 0.858639 0.234431 0.856904 0.230202 0.826969 0.242824 0.815695 0.223633 0.709731 0.193029 0.687176 0.180434 0.607970 0.173465 0.605618 0.171024 0.599406 0.173918 0.595152 0.171355 0.580479 0.168469 0.576837 0.166157 0.571192 0.169419 0.567428 0.166725 0.551044 0.162428 0.545722 0.161843 0.538621 0.164180 0.537579 0.135183 0.347696 0.152493 0.318547 0.151762 0.309670 0.135696 0.291065 0.130512 0.265987 0.281683 0.227942 0.291657 0.254847 0.306802 0.251276 0.300716 0.222232 0.495553 0.175856 0.499425 0.201957 0.520509 0.196207
