9 0.693210 0.480875 0.173842 0.011254
9 0.548469 0.408311 0.169493 0.008084
9 0.567618 0.357095 0.163307 0.012111
9 0.547184 0.485047 0.168464 0.011046
8 0.523177 0.324553 0.172797 0.051642
8 0.471860 0.518463 0.173332 0.051276
8 0.358344 0.295811 0.172627 0.049348
4 0.158875 0.096779 0.335874 0.171779 0.347426 0.194393 0.305811 0.345663 0.113999 0.267013 0.109591 0.257007 0.148738 0.099791
7 0.458567 0.101159 0.745092 0.212446 0.736165 0.247207 0.719655 0.261423 0.446373 0.152465 0.447005 0.127733
7 0.759495 0.216847 0.985374 0.311445 0.975167 0.342857 0.937741 0.347372 0.729102 0.260797 0.729036 0.251974 0.737581 0.244471 0.740019 0.226191
7 0.628971 0.859681 0.782331 0.911852 0.813245 0.956991 0.801988 0.985883 0.630918 0.919470 0.620911 0.877192
7 0.399306 0.769112 0.608039 0.850254 0.612430 0.879003 0.605120 0.914376 0.378077 0.825949 0.382139 0.788224 0.389869 0.767951
0 0.481466 0.560712 0.847972 0.704433 0.845536 0.715411 0.848227 0.723234 0.850343 0.727662 0.828207 0.819439 0.823081 0.822593 0.818167 0.832769 0.437285 0.686001 0.440496 0.671530 0.470365 0.560864
5 0.317310 0.617164 0.346455 0.630110 0.363357 0.658876 0.344722 0.723178 0.328113 0.716046 0.319081 0.715761 0.310139 0.715065 0.294300 0.707743 0.291136 0.702324 0.274842 0.697051 0.282927 0.673733 0.284275 0.662740 0.288139 0.648605 0.291110 0.643413 0.292210 0.631900
5 0.394410 0.645187 0.430502 0.661260 0.436797 0.680441 0.435317 0.688753 0.437892 0.693543 0.432562 0.702807 0.433184 0.713118 0.425967 0.729246 0.420241 0.748492 0.404105 0.744150 0.393847 0.746106 0.380947 0.741932 0.368394 0.731277 0.348638 0.723566 0.366636 0.662135
1 0.280886 0.041777 0.304919 0.051001 0.306843 0.049089 0.372843 0.075876 0.374911 0.078718 0.454487 0.109173 0.457350 0.100322 0.747316 0.213337 0.741766 0.223492 0.744747 0.226268 0.757460 0.216257 0.986639 0.311415 0.974536 0.342991 0.954202 0.345466 0.922304 0.466250 0.938988 0.501840 0.914622 0.591380 0.925490 0.597793 0.920054 0.604727 0.912373 0.601517 0.905790 0.624427 0.916733 0.630503 0.911317 0.635994 0.904939 0.635017 0.898327 0.660764 0.906267 0.665506 0.901207 0.670751 0.895518 0.670721 0.829764 0.914359 0.798873 0.933337 0.812136 0.949218 0.805163 0.980643 0.630568 0.919082 0.627987 0.907743 0.610182 0.900172 0.606419 0.913079 0.378278 0.824051 0.379280 0.812786 0.102890 0.710320 0.111691 0.678762 0.106882 0.676119 0.092436 0.684483 0.058019 0.669364 0.092544 0.551603 0.126485 0.540493 0.144775 0.548583 0.210282 0.304705 0.111264 0.264699 0.108978 0.257441 0.150220 0.099952 0.156509 0.097278 0.254653 0.135915
