9 0.744555 0.457103 0.014517 0.272846
9 0.520064 0.521053 0.006530 0.280612
9 0.536535 0.453148 0.014007 0.278615
8 0.447547 0.333233 0.029823 0.307979
8 0.291414 0.409305 0.032519 0.309704
8 0.483493 0.532374 0.030604 0.308791
8 0.785015 0.320659 0.031120 0.309576
4 0.036189 0.356516 0.220949 0.313346 0.239937 0.328244 0.267790 0.480397 0.253335 0.485914 0.213887 0.496568 0.178943 0.502399 0.065429 0.529433 0.061172 0.522815 0.032098 0.365166
7 0.299021 0.176883 0.593186 0.103467 0.599793 0.137939 0.590148 0.160415 0.310801 0.233087 0.301543 0.213358 0.295499 0.178284
7 0.607158 0.099307 0.841004 0.042985 0.845899 0.077590 0.815789 0.102055 0.599210 0.156110 0.596103 0.149961 0.599926 0.137364 0.595569 0.117734
7 0.761483 0.725460 0.920816 0.685218 0.959973 0.703196 0.963665 0.735869 0.787223 0.783256 0.760881 0.756834 0.757531 0.733727
7 0.522511 0.794965 0.738774 0.738462 0.755636 0.758275 0.762376 0.792649 0.531385 0.854991 0.520358 0.827378 0.514123 0.799291
0 0.505594 0.564362 0.884735 0.467546 0.890841 0.479010 0.896026 0.484321 0.899662 0.490671 0.915187 0.578650 0.910901 0.585412 0.914729 0.590625 0.911274 0.597118 0.524606 0.700132 0.522855 0.694247 0.499313 0.570156
5 0.388581 0.712019 0.426134 0.703218 0.443819 0.714701 0.445956 0.718311 0.458991 0.785053 0.442460 0.788787 0.437232 0.795316 0.422563 0.805436 0.409931 0.804683 0.402477 0.801181 0.386167 0.805918 0.384176 0.782909 0.378849 0.774956 0.379580 0.760205 0.379379 0.753282 0.375238 0.740644
5 0.466927 0.687126 0.503781 0.680016 0.516958 0.691378 0.520801 0.698406 0.523363 0.703092 0.523466 0.710411 0.527404 0.717868 0.530658 0.727384 0.530908 0.738792 0.531270 0.745567 0.532878 0.764806 0.521777 0.767937 0.508198 0.778762 0.494846 0.780323 0.481988 0.778967 0.463241 0.783652 0.450359 0.717053 0.463637 0.691161
1 0.134181 0.332436 0.119602 0.236673 0.145191 0.229821 0.144404 0.226279 0.214965 0.209627 0.218631 0.208442 0.297283 0.191070 0.295658 0.180209 0.593567 0.102840 0.595925 0.113464 0.598125 0.112753 0.605324 0.100935 0.841225 0.043619 0.846030 0.077651 0.830033 0.092314 0.851927 0.215713 0.881579 0.236014 0.898634 0.330539 0.907459 0.329583 0.909371 0.334658 0.900626 0.341282 0.902777 0.363361 0.912138 0.361282 0.913469 0.370816 0.905967 0.374191 0.911569 0.399424 0.917067 0.397646 0.919203 0.405495 0.911675 0.406981 0.956740 0.663077 0.937191 0.693597 0.956466 0.702546 0.963175 0.734538 0.789212 0.782735 0.778520 0.775280 0.760826 0.780528 0.763676 0.793366 0.528389 0.853804 0.525736 0.841851 0.244547 0.919981 0.238302 0.888313 0.231874 0.889443 0.222358 0.906755 0.187651 0.913235 0.168690 0.788888 0.191957 0.760961 0.214345 0.755618 0.167803 0.507028 0.065565 0.529655 0.060085 0.526208 0.032372 0.364206 0.035297 0.356142
