1 0.407057 0.255519 0.393129 0.251880 0.392123 0.250793 0.390516 0.253384 0.349653 0.370182 0.355331 0.375001 0.354318 0.378204 0.348628 0.376626 0.298356 0.524966 0.299096 0.526183 0.304325 0.527084 0.291008 0.567071 0.289769 0.567076 0.285876 0.577255 0.278100 0.601141 0.278748 0.603005 0.275055 0.615041 0.321676 0.625247 0.303902 0.678621 0.305509 0.681370 0.383392 0.699821 0.386923 0.698620 0.404800 0.644220 0.530811 0.673792 0.527218 0.684802 0.529378 0.702172 0.531391 0.704346 0.589035 0.719535 0.591459 0.718274 0.597068 0.702667 0.593299 0.694659 0.595183 0.688697 0.612071 0.693295 0.613074 0.691902 0.658193 0.553084 0.661594 0.554429 0.662884 0.553196 0.701766 0.436613 0.701159 0.435331 0.697254 0.434158 0.700524 0.423457 0.704671 0.421728 0.733565 0.332825 0.732208 0.332136 0.717671 0.328643 0.712442 0.333083 0.701967 0.318878 0.573357 0.288621 0.574306 0.285976 0.570926 0.284922 0.568815 0.287685 0.556826 0.284676 0.557089 0.282066 0.556026 0.281157 0.554346 0.280775 0.553218 0.281854 0.552179 0.283716 0.539875 0.280636 0.540005 0.278090 0.538381 0.277531 0.537226 0.277269 0.535840 0.279765 0.491719 0.269473 0.478724 0.275439 0.471219 0.278398 0.409778 0.264444
7 0.391830 0.250978 0.393359 0.251325 0.394448 0.252267 0.407073 0.255401 0.412155 0.272422 0.374757 0.382740 0.364567 0.380479 0.364293 0.380150 0.359647 0.379095 0.349934 0.369944 0.390806 0.252024
7 0.373922 0.388374 0.364312 0.380285 0.348555 0.376464 0.347878 0.377521 0.298296 0.525369 0.299238 0.526077 0.314878 0.529019 0.327503 0.526852
7 0.635003 0.546422 0.635470 0.547013 0.646419 0.550401 0.662129 0.554246 0.662822 0.553088 0.701499 0.436437 0.701084 0.435164 0.685110 0.431120 0.671591 0.435604
7 0.674986 0.423830 0.689057 0.428204 0.704629 0.421622 0.733331 0.332645 0.731963 0.332057 0.717468 0.328766 0.701986 0.340496
0 0.650107 0.322720 0.651227 0.324127 0.650941 0.325676 0.652303 0.326101 0.652221 0.324641 0.654007 0.324585 0.656321 0.325226 0.658980 0.326926 0.593937 0.523975 0.593314 0.524863 0.590732 0.525202 0.589769 0.523873 0.588266 0.523100 0.584765 0.522428 0.538799 0.511681 0.536821 0.510799 0.533406 0.510086 0.531363 0.509869 0.529503 0.509076 0.528693 0.505189 0.592705 0.311775 0.594593 0.311201 0.596040 0.311622 0.596870 0.312273 0.596930 0.313118 0.601006 0.312981 0.602492 0.312072 0.605235 0.312186 0.620932 0.315797 0.621070 0.316568 0.632251 0.319292 0.634771 0.319079 0.642347 0.320430
8 0.492587 0.322541 0.512167 0.327441 0.508909 0.336902 0.507061 0.337389 0.489205 0.332956 0.488720 0.331108 0.490989 0.323085
8 0.401648 0.479356 0.422392 0.484067 0.419829 0.492173 0.417981 0.492544 0.399721 0.488397 0.399442 0.486754
8 0.500629 0.502173 0.520274 0.507311 0.517506 0.515561 0.515042 0.516018 0.497924 0.511995 0.497245 0.510349 0.499833 0.502669
8 0.391661 0.563899 0.411703 0.568730 0.408540 0.578038 0.388136 0.573311 0.390678 0.564748
4 0.350701 0.577951 0.336580 0.585423 0.333725 0.588306 0.303758 0.678924 0.305755 0.681615 0.383471 0.699853 0.386691 0.699113 0.387974 0.696684 0.408319 0.635497 0.413026 0.630545 0.424709 0.596613 0.423870 0.595381
5 0.594687 0.524108 0.624635 0.531888 0.625083 0.533213 0.622690 0.542152 0.623263 0.546503 0.621741 0.552459 0.618381 0.556467 0.616652 0.559195 0.614213 0.566226 0.612725 0.567051 0.581899 0.559989 0.579195 0.557356 0.573795 0.549095 0.573496 0.547987 0.579917 0.529502 0.583405 0.527602 0.590397 0.524663 0.592112 0.525175 0.593784 0.524453
5 0.580967 0.562063 0.582404 0.562933 0.610909 0.569770 0.611627 0.570658 0.612811 0.570746 0.612977 0.572476 0.609591 0.582285 0.610330 0.587168 0.608607 0.593970 0.604815 0.598973 0.602031 0.606199 0.591442 0.604277 0.585913 0.604170 0.580302 0.602292 0.576080 0.600305 0.574116 0.599073 0.569564 0.598584 0.562373 0.587944 0.563852 0.580784 0.567547 0.568869 0.568845 0.567472
