7 0.451633 0.235970 0.649842 0.298125 0.646604 0.313438 0.630808 0.366913 0.475993 0.318001 0.476229 0.309478 0.471093 0.306423 0.468644 0.306509 0.469241 0.272879 0.466869 0.271556 0.464978 0.272392 0.462580 0.280806 0.462543 0.287385 0.460321 0.287543 0.457944 0.290518 0.456857 0.302785 0.451372 0.300192 0.451831 0.268238 0.448735 0.265827 0.445436 0.269657 0.447240 0.251025
7 0.659189 0.299331 0.820657 0.352492 0.819875 0.367951 0.791619 0.419432 0.638831 0.369953 0.638476 0.364002 0.640289 0.357527
7 0.636615 0.749806 0.810040 0.811376 0.808701 0.840552 0.770066 0.865598 0.610456 0.809332 0.610759 0.785466
7 0.385206 0.655283 0.610415 0.741370 0.605274 0.770755 0.586546 0.802090 0.377489 0.724564 0.374533 0.679734
8 0.377761 0.359252 0.387740 0.363412 0.389861 0.366095 0.379673 0.387644 0.369585 0.385464 0.368027 0.382555
8 0.498140 0.381783 0.510250 0.385951 0.502459 0.410472 0.489412 0.405544
8 0.460020 0.492254 0.473897 0.497288 0.472659 0.502736 0.468316 0.501565 0.466351 0.501951 0.460039 0.523718 0.451206 0.520524
8 0.729466 0.499897 0.743221 0.504337 0.741120 0.530857 0.724865 0.526527
0 0.465839 0.501535 0.597641 0.545939 0.751614 0.596713 0.809130 0.616067 0.806557 0.641506 0.805280 0.645360 0.803949 0.652981 0.803393 0.658954 0.804950 0.661811 0.806907 0.662903 0.805132 0.688358 0.801730 0.696270 0.800540 0.700625 0.797032 0.702827 0.790892 0.705145 0.788292 0.709527 0.787239 0.714161 0.790579 0.717108 0.790862 0.720272 0.789024 0.723948 0.765636 0.740411 0.612305 0.688184 0.491407 0.645022 0.434278 0.624844 0.434869 0.609894 0.435351 0.602478 0.433745 0.599842 0.434534 0.597253
4 0.201077 0.278319 0.248738 0.211883 0.252106 0.210746 0.367219 0.244547 0.371238 0.248751 0.375933 0.322480 0.338842 0.399511 0.221627 0.359912
5 0.380347 0.578998 0.390680 0.576519 0.400609 0.575815 0.411264 0.577645 0.419179 0.584371 0.426991 0.592985 0.430157 0.606278 0.431826 0.617562 0.431221 0.633121 0.427963 0.647457 0.421357 0.666498 0.414873 0.666370 0.402638 0.662889 0.391723 0.657904 0.387469 0.656560 0.382238 0.659517 0.379090 0.666206 0.357845 0.657957 0.354938 0.647819 0.358115 0.633841 0.361367 0.625265 0.363189 0.625841 0.366538 0.621136 0.366210 0.606819 0.367764 0.594249 0.373771 0.585007
1 0.265850 0.375325 0.220355 0.359504 0.199758 0.279625 0.204262 0.274133 0.249741 0.210136 0.368555 0.244716 0.371890 0.251532 0.371683 0.255308 0.395404 0.261266 0.396546 0.271999 0.411271 0.277419 0.419333 0.279198 0.423653 0.275953 0.425097 0.271031 0.428452 0.260567 0.432928 0.262365 0.432739 0.286122 0.437926 0.286224 0.441822 0.280541 0.444541 0.277174 0.447812 0.251317 0.453279 0.237294 0.649211 0.297275 0.647005 0.312713 0.636082 0.350749 0.642239 0.352311 0.659600 0.301710 0.819392 0.352962 0.820773 0.368380 0.798320 0.407000 0.800543 0.411544 0.799830 0.487764 0.817632 0.512595 0.815909 0.531642 0.827859 0.517747 0.831542 0.521600 0.829187 0.526234 0.816763 0.546510 0.817609 0.551387 0.828603 0.540263 0.831917 0.548609 0.817226 0.567400 0.817583 0.574428 0.827362 0.562920 0.830535 0.570452 0.816734 0.591062 0.811640 0.786787 0.808952 0.840170 0.784902 0.857158 0.781823 0.875008 0.764730 0.885742 0.390352 0.752097 0.124083 0.648767 0.125305 0.643390 0.143135 0.607920 0.123208 0.598167 0.084969 0.530000 0.086228 0.527325 0.137099 0.443902 0.166325 0.454289 0.175489 0.485611 0.204211 0.493917 0.266035 0.376625
