9 0.652242 0.545491 0.167880 0.016413
9 0.552021 0.479989 0.168132 0.010813
9 0.567698 0.360079 0.163025 0.012867
8 0.523011 0.324128 0.171778 0.053081
8 0.471510 0.517753 0.171168 0.049672
8 0.356558 0.295254 0.172586 0.051503
7 0.458301 0.101668 0.745548 0.212739 0.736226 0.245573 0.717740 0.259237 0.447742 0.154728 0.447590 0.131598
7 0.758002 0.216631 0.983832 0.311276 0.974333 0.343071 0.934905 0.348489 0.727741 0.261355 0.726990 0.253746 0.735095 0.246545 0.740932 0.231245
7 0.630112 0.856839 0.788128 0.914405 0.811768 0.954463 0.804120 0.983418 0.633872 0.920501 0.620179 0.877767
7 0.396502 0.766561 0.603981 0.848611 0.615284 0.878294 0.606185 0.915620 0.376988 0.823324 0.383302 0.787552 0.389499 0.766966
0 0.477536 0.560906 0.838548 0.698779 0.848839 0.705545 0.846018 0.716419 0.850758 0.731702 0.829082 0.816524 0.820495 0.824060 0.818156 0.834599 0.434490 0.688908 0.471142 0.562275
5 0.317096 0.614945 0.355180 0.632077 0.364495 0.659017 0.345457 0.721284 0.326884 0.715697 0.312219 0.715991 0.299373 0.714355 0.290108 0.701285 0.276486 0.696879 0.282549 0.671134 0.283560 0.657188 0.288328 0.648236 0.290953 0.641109 0.291893 0.632178
5 0.392335 0.643998 0.426809 0.658603 0.434619 0.676661 0.435190 0.688180 0.435096 0.694866 0.433120 0.702203 0.433825 0.709987 0.429809 0.723380 0.426211 0.730192 0.419159 0.750999 0.407507 0.745552 0.394961 0.745692 0.375328 0.740182 0.370794 0.732419 0.350211 0.724923 0.365293 0.660117
4 0.159583 0.097638 0.334722 0.171491 0.346400 0.192479 0.305442 0.342528 0.214456 0.306119 0.111658 0.260279 0.108502 0.258839 0.151697 0.100279
8 0.821294 0.515313 0.170372 0.052432
1 0.279116 0.041877 0.304511 0.052813 0.305828 0.046878 0.372235 0.073596 0.375749 0.078652 0.454196 0.109623 0.458130 0.100255 0.744996 0.211512 0.742676 0.221961 0.748586 0.226672 0.755981 0.218425 0.985200 0.311597 0.975846 0.343290 0.955270 0.346155 0.923201 0.463459 0.940470 0.502643 0.915153 0.593713 0.922940 0.596231 0.920335 0.603788 0.913845 0.601690 0.907845 0.626628 0.913670 0.629632 0.910432 0.635864 0.903478 0.635855 0.897826 0.659227 0.903388 0.665505 0.899401 0.670935 0.893829 0.673054 0.827815 0.916112 0.798684 0.932450 0.811445 0.952256 0.803304 0.982662 0.632851 0.919136 0.628333 0.908154 0.611260 0.901513 0.606629 0.914015 0.378413 0.824527 0.379582 0.810905 0.103454 0.708722 0.111796 0.679501 0.106118 0.673745 0.092804 0.685678 0.058054 0.668840 0.091885 0.549866 0.125048 0.540432 0.146997 0.548090 0.209691 0.305368 0.107743 0.261197 0.151756 0.100534 0.157675 0.096848 0.254114 0.138678
