6 0.549193 0.484240 0.168460 0.011431
6 0.545956 0.536914 0.162981 0.014113
6 0.480011 0.315998 0.162705 0.012297
6 0.378075 0.328174 0.165712 0.012599
6 0.454607 0.447732 0.163058 0.013888
8 0.523276 0.323743 0.172969 0.051201
8 0.356935 0.294874 0.171500 0.049616
8 0.470826 0.518365 0.173829 0.049286
8 0.820768 0.516225 0.171935 0.050935
0 0.477316 0.559725 0.847412 0.704894 0.847885 0.721914 0.851051 0.729538 0.828167 0.818941 0.820182 0.830292 0.811186 0.832517 0.435139 0.688163 0.470040 0.563778
7 0.392613 0.766887 0.606293 0.848641 0.616689 0.878404 0.605806 0.913753 0.378238 0.825486 0.382322 0.787939
7 0.628826 0.855193 0.787902 0.914148 0.811856 0.951230 0.801276 0.985210 0.629498 0.916453 0.620095 0.876744
7 0.758307 0.217222 0.986639 0.310255 0.975230 0.342500 0.941029 0.346106 0.730237 0.258865 0.729075 0.250422 0.737697 0.244410 0.740209 0.227622
7 0.457606 0.097981 0.746145 0.212510 0.737043 0.242568 0.718888 0.258697 0.446143 0.155087 0.446816 0.127436
4 0.155018 0.096652 0.336555 0.169385 0.346798 0.195203 0.303838 0.344747 0.111260 0.264781 0.107483 0.259809 0.150119 0.103730
5 0.317742 0.617919 0.354665 0.633989 0.363030 0.660272 0.345208 0.722563 0.327709 0.717439 0.309816 0.718082 0.296547 0.707897 0.287802 0.701317 0.274857 0.697666 0.281891 0.677971 0.281273 0.662767 0.287057 0.650705 0.289520 0.645608 0.292567 0.635876
5 0.392945 0.643949 0.430974 0.660535 0.435894 0.680346 0.435745 0.691015 0.434050 0.700648 0.433678 0.712316 0.428501 0.725646 0.422939 0.736708 0.419498 0.752207 0.405038 0.745387 0.396091 0.745709 0.385711 0.744495 0.367999 0.732336 0.350034 0.723311 0.367028 0.660753
1 0.252786 0.136449 0.278319 0.043130 0.305511 0.051924 0.307039 0.047269 0.372430 0.075356 0.380536 0.083347 0.453199 0.109830 0.457233 0.102783 0.743886 0.213387 0.743629 0.223445 0.758758 0.217600 0.984207 0.309007 0.974456 0.344031 0.954414 0.345305 0.922072 0.464293 0.939028 0.501393 0.915557 0.591544 0.921269 0.596970 0.919910 0.603093 0.911761 0.606422 0.908054 0.623120 0.914440 0.629958 0.907977 0.636815 0.899487 0.658037 0.904491 0.664427 0.902457 0.669138 0.894027 0.675957 0.831186 0.914529 0.802458 0.932679 0.812592 0.953784 0.800693 0.985131 0.631377 0.917844 0.627452 0.908820 0.611816 0.901377 0.604793 0.915212 0.376814 0.824181 0.379656 0.811379 0.102769 0.709303 0.112667 0.680291 0.107968 0.676982 0.094593 0.681604 0.058553 0.668158 0.092739 0.549766 0.127145 0.539418 0.148436 0.548094 0.212711 0.307515 0.109958 0.265094 0.107136 0.260006 0.150713 0.099314 0.156220 0.094533
