1 0.303186 0.581383 0.312286 0.640328 0.308058 0.642542 0.316006 0.691097 0.318490 0.691159 0.322926 0.716899 0.326070 0.718274 0.383697 0.707268 0.392194 0.751318 0.397334 0.754329 0.428791 0.754076 0.519690 0.735300 0.520491 0.729258 0.508865 0.681539 0.692425 0.646512 0.696597 0.658938 0.700222 0.658808 0.778444 0.642444 0.801910 0.626100 0.799840 0.620077 0.803382 0.619695 0.721933 0.426168 0.726830 0.411838 0.673833 0.286281 0.666061 0.288048 0.668905 0.273977 0.634956 0.193550 0.617738 0.196403 0.616159 0.197998 0.613556 0.226675 0.596351 0.220340 0.557046 0.229095 0.553753 0.227900 0.549640 0.225684 0.545164 0.216916 0.543713 0.216695 0.527499 0.219897 0.526894 0.221068 0.526568 0.222865 0.525978 0.223826 0.516922 0.226022 0.514914 0.225582 0.512424 0.223874 0.511160 0.223472 0.494450 0.226374 0.493431 0.227777 0.493728 0.230259 0.493194 0.232172 0.492205 0.233155 0.493089 0.236468 0.491075 0.238580 0.491569 0.241431 0.464632 0.247208 0.463688 0.244735 0.460408 0.245411 0.458835 0.244804 0.455189 0.244323 0.452539 0.236450 0.450937 0.229578 0.448918 0.224731 0.447593 0.224136 0.446299 0.224155 0.445137 0.225108 0.445059 0.226917 0.449783 0.245207 0.448030 0.246088 0.446584 0.246141 0.445590 0.247883 0.443521 0.250076 0.439397 0.247567 0.436455 0.248029 0.430158 0.228098 0.428463 0.227105 0.426831 0.227338 0.426013 0.228351 0.426749 0.233766 0.431472 0.249231 0.429000 0.249379 0.426004 0.253781 0.420676 0.251064 0.417826 0.251298 0.411852 0.231362 0.410081 0.230387 0.408146 0.230689 0.407764 0.232567 0.412528 0.253053 0.409890 0.253446 0.408105 0.256539 0.406296 0.257502 0.406081 0.259135 0.364409 0.267641 0.350082 0.282473 0.282601 0.296637 0.264579 0.268138 0.261969 0.267078 0.245559 0.270945 0.259077 0.383398 0.258575 0.385924 0.261294 0.388613 0.261804 0.388429 0.265232 0.392335 0.263550 0.392925 0.262761 0.392484 0.262115 0.393526 0.273048 0.473909 0.285879 0.565953 0.287178 0.569034 0.303330 0.580041
7 0.285564 0.563860 0.285888 0.566284 0.287619 0.569201 0.311356 0.585601 0.329963 0.579936 0.330444 0.577266 0.328929 0.574801 0.328732 0.571848 0.331013 0.571142 0.332493 0.570931 0.331710 0.561928 0.331994 0.561427 0.327186 0.557399 0.325782 0.555282 0.325965 0.552368 0.328438 0.551806 0.329506 0.551688 0.328535 0.545352 0.329683 0.544092 0.325026 0.539839 0.323557 0.537987 0.322670 0.535878 0.323639 0.534284 0.322805 0.532353 0.303610 0.417064 0.283504 0.391413 0.282672 0.389479 0.281338 0.389220 0.278567 0.389537 0.271000 0.390757 0.268416 0.390970 0.266653 0.391683 0.264272 0.392536 0.262751 0.392382 0.262070 0.393723
7 0.258720 0.386067 0.261079 0.388109 0.261482 0.388150 0.265362 0.392291 0.268784 0.390787 0.282360 0.389354 0.283707 0.391890 0.300160 0.411861 0.301392 0.412835 0.303461 0.412365 0.303589 0.407896 0.286629 0.302352 0.264282 0.267884 0.262507 0.267138 0.245412 0.271131 0.259103 0.383893
7 0.634873 0.193565 0.617897 0.196380 0.616436 0.198636 0.612755 0.236350 0.643331 0.310691 0.648161 0.311918 0.651328 0.309675 0.654800 0.290448 0.666059 0.287488 0.668709 0.273738
7 0.665960 0.287605 0.666208 0.288084 0.674065 0.286381 0.727029 0.412093 0.715977 0.440697 0.697135 0.444032 0.696067 0.443765 0.650017 0.324818 0.655190 0.290418
0 0.549514 0.225766 0.545033 0.216660 0.541824 0.216936 0.527482 0.220044 0.526863 0.221469 0.526772 0.223152 0.525620 0.224018 0.515556 0.226003 0.513560 0.225323 0.511983 0.223717 0.511146 0.223605 0.494132 0.226716 0.493447 0.227929 0.493722 0.230209 0.492910 0.232434 0.492196 0.233276 0.492689 0.237093 0.491322 0.238688 0.492031 0.241776 0.492683 0.244122 0.491970 0.246097 0.489698 0.246235 0.488802 0.244248 0.488185 0.242575 0.486174 0.243258 0.484495 0.243867 0.484986 0.246551 0.544732 0.439324 0.545398 0.440306 0.545860 0.441485 0.546559 0.442007 0.547217 0.444653 0.548550 0.453946 0.549927 0.456051 0.551620 0.457177 0.628788 0.443418 0.631428 0.424987 0.559474 0.230228
8 0.393671 0.308037 0.416650 0.303872 0.418422 0.312240 0.394745 0.316564
8 0.514545 0.465869 0.517378 0.474836 0.542582 0.469274 0.539896 0.460771
8 0.431510 0.588299 0.434854 0.597647 0.461845 0.592176 0.458865 0.582745
4 0.367644 0.611714 0.481240 0.588614 0.484735 0.590326 0.495625 0.609986 0.520444 0.729849 0.519119 0.735788 0.428787 0.753810 0.394438 0.752637 0.391033 0.749652
