1 0.188284 0.231561 0.137249 0.234350 0.292791 0.883271 0.296444 0.890264 0.307488 0.895090 0.317445 0.892829 0.330778 0.917669 0.335785 0.917999 0.364863 0.908706 0.362719 0.902837 0.576557 0.832028 0.590944 0.828272 0.611758 0.837947 0.616306 0.839296 0.618669 0.836695 0.617229 0.832734 0.616084 0.830295 0.603403 0.823965 0.615858 0.818913 0.633696 0.828519 0.638244 0.829868 0.642137 0.829142 0.642773 0.825822 0.641031 0.822089 0.627766 0.815097 0.639697 0.810165 0.662467 0.820555 0.667284 0.822161 0.669212 0.817594 0.666571 0.812795 0.661345 0.810488 0.651499 0.805420 0.686978 0.792598 0.702166 0.765965 0.785856 0.736160 0.826206 0.745894 0.842647 0.740413 0.844642 0.741389 0.844857 0.736735 0.806886 0.562107 0.803924 0.561033 0.755523 0.562021 0.754165 0.557724 0.786105 0.556822 0.804098 0.552101 0.748292 0.328167 0.745179 0.328398 0.728932 0.330341 0.712044 0.337852 0.709240 0.337497 0.705978 0.337544 0.703597 0.337787 0.700069 0.339580 0.696990 0.325402 0.705619 0.320863 0.706707 0.317641 0.705371 0.315266 0.701891 0.315362 0.699489 0.315908 0.695276 0.317757 0.687025 0.286107 0.695814 0.281334 0.692254 0.266372 0.683672 0.231821 0.674032 0.232423 0.668755 0.217951 0.665530 0.218485 0.638325 0.118735 0.633115 0.115950 0.525171 0.110610 0.523262 0.109754 0.519714 0.113337 0.481050 0.162783 0.494388 0.220893 0.310335 0.227014 0.305673 0.203553 0.315728 0.181615 0.310416 0.152464 0.305014 0.151355 0.194925 0.150280 0.192213 0.151869 0.183963 0.207842
5 0.241643 0.372785 0.244219 0.372315 0.245138 0.368758 0.247213 0.367132 0.268292 0.364423 0.272984 0.361163 0.282566 0.356563 0.290551 0.354719 0.299923 0.354450 0.309590 0.356551 0.317977 0.359391 0.325939 0.363995 0.333421 0.372106 0.337861 0.379690 0.339769 0.387400 0.340039 0.395674 0.335389 0.402501 0.333264 0.407985 0.334331 0.409923 0.318616 0.428176 0.317281 0.429697 0.313304 0.429318 0.310362 0.429345 0.261350 0.435602 0.256341 0.435073 0.254649 0.430199 0.250548 0.412920 0.247154 0.412473 0.252389 0.406539 0.250001 0.398746 0.240359 0.397921 0.239313 0.397005 0.249284 0.394804 0.248273 0.392084 0.246402 0.393343 0.244696 0.388665 0.246797 0.386457 0.246503 0.385049 0.244118 0.386360 0.243298 0.385199 0.240918 0.373365
5 0.257929 0.443457 0.261995 0.442841 0.263477 0.441506 0.263296 0.439780 0.289936 0.435727 0.291518 0.437289 0.298976 0.434212 0.307998 0.431779 0.315625 0.430969 0.322383 0.431125 0.329051 0.432146 0.336567 0.434127 0.342786 0.437171 0.346298 0.439678 0.349440 0.443882 0.352193 0.447713 0.354879 0.452481 0.356826 0.457495 0.357541 0.464631 0.357267 0.470072 0.356452 0.476097 0.354297 0.479890 0.351358 0.483785 0.347978 0.486858 0.344726 0.488902 0.338442 0.496553 0.335262 0.498812 0.278804 0.506332 0.276292 0.504982 0.270721 0.482197 0.264371 0.483332 0.270105 0.477957 0.268203 0.468785 0.266802 0.467797 0.258427 0.468546 0.256121 0.468993 0.255672 0.466713 0.262659 0.465588 0.261816 0.459479
7 0.211328 0.495390 0.217750 0.483469 0.250581 0.478812 0.307299 0.713606 0.277338 0.720531 0.272933 0.718856 0.262632 0.703069
7 0.272300 0.725933 0.298645 0.719829 0.315989 0.739733 0.316530 0.743259 0.362549 0.908346 0.349232 0.913438 0.334825 0.917805 0.330243 0.917386 0.320082 0.893418 0.313639 0.883933 0.270873 0.727323
7 0.731267 0.566555 0.742369 0.562149 0.805176 0.561527 0.807180 0.562507 0.845030 0.739508 0.844473 0.741430 0.842199 0.740600 0.826104 0.745960 0.824714 0.745917 0.770886 0.731397
7 0.728916 0.558904 0.785379 0.556778 0.804270 0.552142 0.747936 0.328445 0.728390 0.330583 0.712373 0.337441 0.713077 0.339237 0.711204 0.341043 0.710472 0.342589 0.689974 0.351917 0.687990 0.354388 0.688665 0.358032 0.687951 0.360296 0.685333 0.363476 0.690297 0.362591 0.694882 0.361712 0.695845 0.362948 0.695148 0.364965 0.696228 0.365366 0.710305 0.359826 0.715174 0.358639 0.718318 0.358329 0.718529 0.361110 0.717411 0.363303 0.714655 0.365141 0.693055 0.374330 0.693591 0.379946 0.692373 0.382728 0.690298 0.384007 0.686195 0.385505
4 0.480959 0.165225 0.512613 0.295676 0.516659 0.298571 0.615100 0.292466 0.673191 0.255891 0.674743 0.250896 0.638049 0.118107 0.633687 0.115449 0.526550 0.110760 0.523371 0.109990 0.519030 0.112966 0.517657 0.115433 0.480460 0.163017
8 0.546389 0.317065 0.549276 0.331223 0.577272 0.329309 0.579869 0.326969 0.576718 0.314486
8 0.600431 0.443776 0.603940 0.457389 0.631044 0.453658 0.632762 0.452056 0.629798 0.439666
8 0.453893 0.464996 0.457663 0.476271 0.464754 0.474922 0.467036 0.475626 0.467848 0.478845 0.487666 0.475741 0.490622 0.472713 0.487944 0.459357 0.484266 0.458796 0.454250 0.463518
8 0.615429 0.716883 0.618800 0.729936 0.621658 0.731335 0.648184 0.724031 0.649119 0.721259 0.645616 0.708748
0 0.421756 0.831037 0.440484 0.852265 0.446731 0.856687 0.451808 0.853371 0.448249 0.851799 0.447611 0.849781 0.454070 0.846800 0.457642 0.845989 0.460678 0.848328 0.462001 0.851705 0.470119 0.853971 0.497644 0.845773 0.498737 0.843578 0.497291 0.843041 0.515767 0.836898 0.521232 0.838037 0.546057 0.829371 0.544057 0.821723 0.546552 0.822736 0.549569 0.819506 0.549498 0.814695 0.467203 0.477402 0.466388 0.475481 0.463759 0.475025 0.375270 0.489592 0.360078 0.491638 0.359751 0.488640 0.357831 0.488462 0.354086 0.491682 0.340827 0.497238
2 0.588167 0.629609 0.598668 0.617648 0.606649 0.614571 0.609765 0.623078 0.616016 0.625994 0.616194 0.629929 0.623795 0.630371 0.626977 0.629648 0.630362 0.631590 0.628803 0.636099 0.623253 0.640793 0.624755 0.643523 0.628097 0.643306 0.629135 0.645238 0.626557 0.651244 0.628418 0.654435 0.633220 0.654790 0.638555 0.656830 0.644196 0.659163 0.646206 0.664849 0.645418 0.670449 0.645533 0.676204 0.647082 0.683802 0.645402 0.687255 0.641400 0.689429 0.634637 0.690965 0.631057 0.691778 0.622757 0.693843 0.618619 0.694241 0.616925 0.696975 0.615285 0.699877 0.610419 0.701343 0.608359 0.698197 0.604916 0.693378 0.604366 0.688264 0.601073 0.685940 0.596786 0.683842 0.590538 0.683635 0.586823 0.682672 0.584113 0.679493 0.582617 0.672064 0.583987 0.665610 0.583553 0.658842 0.581354 0.651211 0.582177 0.642352 0.586573 0.637379 0.588175 0.635027
2 0.676453 0.391628 0.673921 0.396382 0.669647 0.397986 0.660202 0.398358 0.653117 0.397688 0.646172 0.396986 0.639769 0.398946 0.636650 0.402314 0.630995 0.406638 0.625326 0.408558 0.618100 0.413112 0.617792 0.418754 0.625031 0.423695 0.636282 0.431397 0.641355 0.429486 0.647942 0.426217 0.656767 0.428138 0.662991 0.431284 0.666923 0.437103 0.669448 0.440835 0.673404 0.451461 0.678645 0.456222 0.679248 0.461911 0.685248 0.464347 0.700679 0.449825 0.693949 0.444135 0.694733 0.439525 0.695166 0.436641 0.692696 0.432136 0.692984 0.425486 0.692313 0.418166 0.690869 0.408870 0.683553 0.396601 0.682525 0.392402 0.677847 0.391312
