9 0.519384 0.519715 0.007541 0.281463
9 0.403743 0.563761 0.012241 0.273333
9 0.456932 0.582067 0.011313 0.274158
8 0.783815 0.320191 0.031829 0.309691
8 0.446362 0.333104 0.030481 0.308641
8 0.292123 0.409049 0.031887 0.307670
8 0.482354 0.531772 0.030126 0.307043
7 0.518084 0.794445 0.735924 0.735066 0.756782 0.758988 0.764207 0.794765 0.526794 0.855275 0.517825 0.821875 0.515894 0.796839 0.516827 0.794033
7 0.761627 0.730032 0.919855 0.686369 0.958959 0.703764 0.963153 0.734328 0.785677 0.782338 0.763108 0.757717
7 0.608781 0.097553 0.842265 0.042695 0.847107 0.076178 0.812855 0.101651 0.598299 0.155395 0.596095 0.145468 0.598373 0.134717 0.597196 0.120076
7 0.298027 0.176717 0.593346 0.105068 0.598601 0.133411 0.587346 0.162086 0.310471 0.231604 0.299483 0.210122
0 0.504554 0.564236 0.874049 0.468357 0.887010 0.466043 0.890206 0.468765 0.887479 0.482164 0.899803 0.486315 0.915863 0.575002 0.911970 0.583146 0.910989 0.599736 0.523439 0.700667 0.521389 0.684431
5 0.389031 0.709805 0.429012 0.703133 0.448221 0.721956 0.458318 0.783782 0.441653 0.790424 0.428796 0.800214 0.419290 0.806418 0.410775 0.805417 0.402355 0.802507 0.387719 0.806615 0.384762 0.786291 0.380070 0.772162 0.377018 0.753746 0.374650 0.740743
5 0.467974 0.687028 0.506046 0.681514 0.515602 0.693857 0.520486 0.700508 0.523539 0.704665 0.523761 0.713338 0.529043 0.719861 0.531735 0.733908 0.531142 0.748505 0.534154 0.763992 0.521251 0.769194 0.510364 0.775801 0.497462 0.781003 0.483968 0.779708 0.464862 0.783830 0.450826 0.722522
4 0.037205 0.358456 0.222080 0.314313 0.240409 0.325876 0.265945 0.481205 0.066302 0.529826 0.061156 0.525831 0.032857 0.365737
1 0.121330 0.236498 0.144853 0.231865 0.145146 0.225961 0.216013 0.209335 0.222772 0.209085 0.299074 0.191669 0.296641 0.178902 0.593420 0.104702 0.595425 0.113735 0.600013 0.112735 0.606856 0.098420 0.841059 0.043974 0.846481 0.075621 0.828692 0.092992 0.851896 0.213766 0.880351 0.233607 0.897695 0.329792 0.907045 0.326769 0.908449 0.333092 0.899627 0.340301 0.903318 0.362343 0.911673 0.362061 0.912055 0.369198 0.905524 0.372279 0.909141 0.395797 0.919347 0.400241 0.916483 0.403588 0.912249 0.409798 0.956080 0.661406 0.938033 0.693866 0.959567 0.702392 0.962818 0.733289 0.788429 0.781944 0.779245 0.776685 0.760791 0.780233 0.763398 0.791975 0.529140 0.855152 0.525210 0.842869 0.243843 0.920314 0.238968 0.887522 0.231488 0.889941 0.225019 0.904135 0.187565 0.912375 0.169023 0.789126 0.189943 0.760577 0.213559 0.756812 0.170025 0.506541 0.065171 0.530771 0.062399 0.527311 0.032335 0.364798 0.036468 0.358137 0.137828 0.332616
