6 0.527227 0.388238 0.014611 0.272172
6 0.526762 0.438457 0.010560 0.272051
6 0.406679 0.350560 0.007020 0.282483
6 0.495251 0.362949 0.007001 0.276563
8 0.447163 0.333991 0.029420 0.309038
8 0.481570 0.532724 0.030135 0.307085
8 0.290790 0.408605 0.033173 0.306565
8 0.784299 0.320646 0.030989 0.310235
7 0.296673 0.177755 0.594724 0.103026 0.599913 0.137058 0.588827 0.161714 0.310730 0.233084 0.301689 0.211011
7 0.604903 0.099261 0.842399 0.043878 0.846209 0.078357 0.812566 0.105307 0.598608 0.155221 0.595749 0.149003 0.599728 0.136289 0.596541 0.116607
7 0.761037 0.730094 0.920818 0.686137 0.957298 0.701962 0.962880 0.734686 0.786755 0.782304 0.761866 0.761106 0.756581 0.732754
7 0.514011 0.795484 0.733576 0.738981 0.757523 0.760484 0.763526 0.795103 0.528222 0.854955 0.518766 0.821453
5 0.388426 0.711638 0.422137 0.704391 0.447357 0.721015 0.458836 0.786361 0.441008 0.790909 0.435633 0.795490 0.428269 0.798684 0.415255 0.803706 0.403177 0.802331 0.385869 0.804679 0.382429 0.778574 0.379866 0.770060 0.379645 0.759975 0.378820 0.751711 0.375309 0.737410
5 0.470403 0.689587 0.504238 0.679863 0.521296 0.699126 0.525206 0.713704 0.528435 0.719159 0.531626 0.727471 0.531225 0.743849 0.533824 0.766164 0.520849 0.768329 0.511188 0.776329 0.496728 0.779380 0.481908 0.779298 0.463200 0.782911 0.451575 0.718425 0.464753 0.691414
0 0.502897 0.563586 0.890127 0.466439 0.889176 0.477308 0.894373 0.482534 0.898628 0.488063 0.915722 0.577186 0.912024 0.583257 0.913231 0.596272 0.523044 0.700935 0.498719 0.572309
4 0.036242 0.355218 0.221447 0.314776 0.240412 0.327999 0.266460 0.484365 0.065613 0.529966 0.060350 0.523820 0.032281 0.368108
1 0.135917 0.333439 0.118774 0.236213 0.145075 0.229799 0.145342 0.227098 0.218558 0.207604 0.299107 0.189923 0.297640 0.179412 0.594885 0.102634 0.595031 0.113050 0.597673 0.113242 0.604773 0.098390 0.840330 0.043133 0.846082 0.076847 0.829144 0.092265 0.851337 0.213700 0.881093 0.236512 0.897610 0.328474 0.907073 0.330122 0.906540 0.335526 0.897973 0.339867 0.902040 0.362092 0.911879 0.361526 0.912696 0.369109 0.907175 0.373510 0.908867 0.392843 0.919947 0.393967 0.921046 0.404770 0.912666 0.408003 0.955986 0.661683 0.937448 0.693312 0.957133 0.700024 0.962105 0.736083 0.788485 0.783341 0.777830 0.776324 0.763871 0.779792 0.762892 0.796849 0.528429 0.854891 0.522783 0.843115 0.243855 0.920247 0.238024 0.888128 0.232553 0.888851 0.220928 0.906736 0.187618 0.912800 0.170446 0.788614 0.193380 0.759225 0.214643 0.755487 0.167404 0.507571 0.065296 0.529609 0.060358 0.524928 0.031559 0.367882 0.036046 0.354922
