0 0.340013 0.457709 0.406926 0.473381 0.424457 0.478314 0.425335 0.483471 0.347801 0.711925 0.345604 0.716476 0.322560 0.722178 0.252685 0.700842
7 0.261457 0.423977 0.277709 0.428120 0.309984 0.440365 0.311903 0.448320 0.268259 0.569112 0.226612 0.566016 0.210494 0.560910
7 0.206789 0.576791 0.242813 0.580118 0.262081 0.585103 0.228041 0.684441 0.185310 0.687740 0.170202 0.682480
7 0.664230 0.427294 0.687906 0.431892 0.697413 0.447576 0.634544 0.640571 0.618989 0.640498 0.597905 0.634452
7 0.595929 0.644806 0.613714 0.643694 0.630831 0.648211 0.579349 0.806363 0.555898 0.823054 0.534677 0.815090
8 0.438911 0.699683 0.462218 0.708573 0.458703 0.718848 0.432764 0.710698 0.438286 0.699974
8 0.565034 0.503128 0.286503 0.018190
8 0.447114 0.478491 0.283418 0.016806
8 0.579832 0.394499 0.287038 0.018116
4 0.563536 0.222007 0.667922 0.231620 0.670509 0.234012 0.682535 0.269986 0.667506 0.316566 0.663042 0.329725 0.646001 0.380744 0.550548 0.368344 0.523178 0.337647
5 0.350199 0.366219 0.356454 0.367048 0.363184 0.369319 0.371504 0.374180 0.375916 0.376854 0.381091 0.379887 0.384571 0.385507 0.385978 0.392142 0.385382 0.398880 0.381949 0.406273 0.375316 0.412011 0.364462 0.414615 0.360508 0.414646 0.356177 0.413787 0.352761 0.412577 0.347431 0.411181 0.341840 0.408852 0.334756 0.405193 0.329950 0.400934 0.327373 0.395876 0.326179 0.389922 0.326536 0.384971 0.329142 0.379507 0.332362 0.375580 0.337318 0.371022 0.342286 0.368516
5 0.338223 0.413976 0.349543 0.417642 0.353732 0.420181 0.358040 0.421159 0.362973 0.424501 0.367639 0.429477 0.368960 0.433586 0.370427 0.439210 0.369945 0.444286 0.366837 0.450564 0.360072 0.456964 0.354243 0.460402 0.350268 0.460346 0.344004 0.459241 0.342865 0.457712 0.340442 0.457479 0.338569 0.459064 0.337450 0.459445 0.327508 0.456553 0.318903 0.452588 0.314180 0.448976 0.311592 0.445319 0.309987 0.439346 0.310990 0.433013 0.312426 0.428472 0.314802 0.423720 0.318348 0.420399 0.322995 0.417539 0.329188 0.414924 0.334345 0.414402
1 0.230795 0.710726 0.228514 0.709337 0.220385 0.690932 0.213224 0.686231 0.186316 0.688399 0.169887 0.683012 0.206210 0.576061 0.240520 0.579595 0.245282 0.568061 0.227007 0.566750 0.210508 0.561584 0.261704 0.423467 0.276140 0.427218 0.293731 0.433342 0.329194 0.336167 0.321391 0.330847 0.319487 0.328048 0.344516 0.265642 0.329539 0.253015 0.338352 0.233963 0.397964 0.240405 0.435069 0.277454 0.431143 0.290756 0.535095 0.302536 0.563111 0.222279 0.667780 0.230910 0.670536 0.233665 0.683271 0.270147 0.666847 0.316803 0.745328 0.325637 0.748706 0.329953 0.667024 0.585677 0.595764 0.810201 0.580429 0.815471 0.573230 0.812653 0.557331 0.823236 0.534033 0.814869 0.539242 0.802805 0.484787 0.783578 0.456200 0.794591 0.399891 0.773287 0.387175 0.768507 0.373045 0.769083 0.368170 0.767739 0.370346 0.763502 0.367261 0.760909 0.356254 0.762194 0.352401 0.762029 0.349074 0.758435 0.353002 0.754833 0.347867 0.753430 0.341424 0.755278 0.334429 0.755346 0.329591 0.752118 0.331210 0.749647 0.328258 0.747557
