9 0.541089 0.487364 0.167611 0.010961
9 0.660046 0.560574 0.168470 0.014057
9 0.508275 0.529598 0.163956 0.008928
9 0.520194 0.413805 0.169602 0.009752
8 0.523530 0.324173 0.170520 0.050917
8 0.356683 0.295268 0.171041 0.049703
8 0.471317 0.518112 0.170526 0.049777
8 0.820776 0.516749 0.170114 0.049499
0 0.481862 0.559699 0.850615 0.703887 0.847271 0.713506 0.844459 0.718919 0.851370 0.724073 0.829865 0.817316 0.822992 0.822876 0.820903 0.830469 0.816138 0.833792 0.438287 0.690674 0.437946 0.681322 0.468126 0.561701 0.481737 0.560265
7 0.392008 0.764837 0.603374 0.847611 0.615469 0.877676 0.606941 0.912839 0.377059 0.823236 0.383608 0.790483
7 0.631547 0.856466 0.788279 0.918286 0.813106 0.951160 0.803279 0.982417 0.633491 0.919659 0.621385 0.878258 0.627313 0.859688
7 0.760446 0.216890 0.984217 0.310039 0.975713 0.343468 0.935846 0.345830 0.729742 0.261302 0.728944 0.251890 0.736992 0.244903 0.741885 0.227743
7 0.461110 0.099930 0.745416 0.212239 0.736666 0.245152 0.715651 0.260149 0.445923 0.153300 0.448014 0.130875 0.454965 0.099560 0.458604 0.099429
4 0.157758 0.096577 0.336403 0.170252 0.346574 0.192721 0.305063 0.342316 0.231204 0.314070 0.109153 0.260648 0.149710 0.100719
5 0.317843 0.617181 0.350618 0.630762 0.363352 0.660962 0.346125 0.719104 0.342109 0.721904 0.328755 0.715349 0.315044 0.718740 0.307770 0.716759 0.298923 0.713526 0.289836 0.701645 0.276306 0.697269 0.283225 0.673052 0.283617 0.665727 0.285989 0.656434 0.288550 0.649065 0.291723 0.644503 0.292830 0.632565
5 0.395166 0.643781 0.429997 0.659220 0.437036 0.683106 0.436299 0.689203 0.438118 0.693517 0.432847 0.703363 0.433164 0.711662 0.431102 0.719565 0.428407 0.726145 0.425810 0.730894 0.420877 0.747556 0.405964 0.743850 0.394520 0.745366 0.385308 0.742387 0.380281 0.740016 0.375275 0.736161 0.371209 0.732238 0.350426 0.724398 0.365967 0.662730
1 0.210131 0.304370 0.110507 0.262765 0.149026 0.100516 0.156276 0.096821 0.254474 0.137207 0.279094 0.042394 0.304334 0.050988 0.305716 0.047984 0.371633 0.074480 0.373698 0.076442 0.452167 0.109153 0.456132 0.100945 0.744579 0.212782 0.743256 0.223570 0.746833 0.225158 0.760089 0.216936 0.985435 0.309659 0.975061 0.345128 0.954813 0.344618 0.922920 0.464148 0.937968 0.502563 0.914621 0.591640 0.923149 0.598281 0.920719 0.604397 0.911477 0.600977 0.906287 0.625961 0.914863 0.629166 0.912523 0.634880 0.904411 0.634413 0.897896 0.657326 0.906001 0.664261 0.901149 0.670025 0.894484 0.667869 0.828262 0.913068 0.799125 0.931684 0.812507 0.950248 0.802693 0.981583 0.634238 0.919770 0.628538 0.908436 0.610988 0.900603 0.606040 0.913238 0.376184 0.825095 0.380401 0.810929 0.102898 0.709533 0.113045 0.678305 0.106070 0.674324 0.092367 0.684559 0.058843 0.669834 0.092313 0.551247 0.125045 0.538970 0.146838 0.548606
