8 0.806493 0.412943 0.271488 0.029917
8 0.525187 0.432257 0.274197 0.031745
8 0.422043 0.309204 0.273336 0.030909
4 0.240261 0.191004 0.395164 0.224088 0.407310 0.240201 0.382510 0.338842 0.294605 0.321731 0.266189 0.315594 0.213383 0.295330 0.209024 0.293704 0.235787 0.193601
7 0.493620 0.177866 0.739889 0.232226 0.734564 0.252635 0.713462 0.267233 0.519427 0.226646 0.517823 0.223420 0.514046 0.223515 0.509894 0.224797 0.496419 0.222372 0.496121 0.219761 0.492999 0.217780 0.489989 0.219003 0.485350 0.218267 0.487597 0.198113 0.494601 0.177133
7 0.752188 0.232955 0.942551 0.277331 0.936468 0.296581 0.896315 0.309786 0.724652 0.271067 0.724210 0.261922 0.735565 0.252349 0.737048 0.244490
7 0.666328 0.611394 0.789932 0.636152 0.819768 0.658757 0.814662 0.675968 0.674243 0.648021 0.660214 0.631268 0.662275 0.625801 0.659772 0.622124
7 0.475963 0.572028 0.641216 0.605467 0.660006 0.626129 0.655500 0.644606 0.465264 0.605624 0.469216 0.583630
0 0.534333 0.454265 0.839895 0.515209 0.843163 0.519626 0.837917 0.520413 0.837849 0.523789 0.845120 0.527137 0.849988 0.529655 0.850853 0.533243 0.845292 0.549786 0.840501 0.551241 0.838934 0.559364 0.837745 0.564181 0.840664 0.566540 0.837376 0.574836 0.834959 0.582484 0.832283 0.583571 0.823475 0.582983 0.823634 0.586694 0.821535 0.590173 0.819253 0.591068 0.814652 0.590871 0.507619 0.529309 0.506337 0.527040 0.507959 0.524017 0.509664 0.520730 0.524639 0.462803 0.527632 0.457548 0.529625 0.455457
1 0.344718 0.164163 0.365239 0.170264 0.366436 0.165335 0.423906 0.177475 0.425672 0.182159 0.488304 0.193941 0.492928 0.178165 0.705872 0.224404 0.740443 0.233176 0.738025 0.244252 0.751348 0.232901 0.942470 0.277241 0.936583 0.297013 0.905894 0.306255 0.883072 0.378472 0.897398 0.401612 0.884737 0.447380 0.894159 0.449520 0.899206 0.450667 0.898862 0.455178 0.894169 0.457477 0.881695 0.455866 0.877217 0.467493 0.893791 0.469247 0.892851 0.473057 0.888060 0.474875 0.875420 0.474015 0.871843 0.486168 0.882810 0.487318 0.886564 0.487947 0.888249 0.490119 0.886703 0.493344 0.882962 0.495176 0.870801 0.491967 0.862220 0.516619 0.838002 0.587419 0.822730 0.634079 0.802693 0.644952 0.818478 0.658374 0.813368 0.676214 0.677453 0.649359 0.673932 0.646323 0.668762 0.639336 0.658238 0.637616 0.655078 0.645574 0.464065 0.605976 0.466798 0.598997 0.242792 0.557491 0.241352 0.555376 0.246080 0.541249 0.239016 0.539421 0.225940 0.544944 0.195975 0.539701 0.194356 0.537322 0.213485 0.466781 0.245792 0.462943 0.264560 0.466090 0.301334 0.322205 0.271041 0.318005 0.255719 0.312289 0.210696 0.295577 0.208142 0.293655 0.235062 0.194292 0.241230 0.192284 0.331134 0.210474
