7 0.178457 0.184810 0.202579 0.180814 0.233144 0.222147 0.247318 0.370446 0.240532 0.372979 0.213695 0.347139 0.193079 0.352072 0.183932 0.342514
7 0.188289 0.352150 0.214987 0.347073 0.245316 0.376575 0.272153 0.555722 0.260621 0.553391 0.260375 0.558151 0.262797 0.563047 0.269030 0.567077 0.275171 0.569891 0.274299 0.580983 0.266000 0.579650 0.261173 0.580994 0.263688 0.587108 0.270791 0.590197 0.275189 0.605043 0.268753 0.606835 0.264437 0.609797 0.263772 0.614156 0.251628 0.615431 0.207327 0.601730
7 0.671956 0.140149 0.679425 0.086212 0.706740 0.081242 0.751776 0.193313 0.746666 0.211310 0.730857 0.213913 0.724210 0.244591 0.713919 0.246187 0.671471 0.140459
7 0.731803 0.214136 0.759700 0.209622 0.832868 0.392270 0.809683 0.426011 0.782294 0.430750 0.720352 0.258700
0 0.510086 0.124205 0.536234 0.119274 0.541303 0.124947 0.552699 0.122358 0.556138 0.116268 0.582007 0.111400 0.586905 0.125960 0.590498 0.124132 0.592063 0.129085 0.601485 0.132505 0.657874 0.294958 0.695235 0.408498 0.685994 0.414137 0.683455 0.426848 0.651898 0.433514 0.648860 0.428614 0.635220 0.430702 0.617208 0.434037 0.617403 0.440312 0.579595 0.445112 0.577426 0.444847 0.572075 0.425081 0.554865 0.360234 0.536635 0.287445 0.509585 0.194284 0.497129 0.152972 0.500181 0.148487 0.504533 0.146233 0.506046 0.141592
8 0.374792 0.234919 0.405944 0.230862 0.407599 0.243816 0.376512 0.247433
8 0.528836 0.454601 0.564300 0.448546 0.567648 0.466861 0.531710 0.472270
8 0.409893 0.623213 0.448634 0.617468 0.451551 0.636859 0.411800 0.642179
8 0.358550 0.486098 0.392654 0.479529 0.396169 0.498042 0.360793 0.503358
4 0.313055 0.671280 0.470552 0.644273 0.477510 0.647176 0.516156 0.828055 0.520922 0.850310 0.512424 0.854484 0.345429 0.878017 0.340112 0.873139
5 0.711576 0.484257 0.688594 0.475560 0.676147 0.439531 0.681456 0.430493 0.690579 0.416672 0.698520 0.410349 0.711430 0.402897 0.728168 0.399696 0.741844 0.401407 0.751059 0.404735 0.763683 0.412108 0.769957 0.426346 0.769646 0.439971 0.764184 0.449647 0.771659 0.469937 0.766036 0.475734
1 0.852380 0.501559 0.915415 0.678043 0.919792 0.680663 0.931933 0.717967 0.799597 0.742920 0.770761 0.735918 0.763948 0.715477 0.515246 0.757837 0.529304 0.828175 0.516196 0.850733 0.502487 0.855655 0.347391 0.875840 0.339193 0.873486 0.324939 0.784551 0.261802 0.792574 0.258198 0.762066 0.250928 0.760404 0.244045 0.694796 0.248771 0.694023 0.240838 0.611610 0.206187 0.600808 0.186986 0.351269 0.192487 0.351826 0.182642 0.342014 0.177654 0.184652 0.201702 0.180994 0.234255 0.219984 0.320173 0.203170 0.341786 0.181691 0.396039 0.170266 0.397664 0.164173 0.399030 0.161755 0.396981 0.150774 0.395044 0.141274 0.393019 0.131492 0.397478 0.129876 0.404140 0.138604 0.408457 0.159010 0.414556 0.160335 0.417738 0.161419 0.423983 0.157590 0.420909 0.141119 0.419417 0.133024 0.418126 0.126690 0.425412 0.125034 0.434097 0.155894 0.440414 0.155663 0.443862 0.157591 0.448339 0.152658 0.446709 0.141883 0.442949 0.124363 0.449307 0.122014 0.457137 0.143429 0.458186 0.150119 0.467023 0.151123 0.497832 0.148639 0.502202 0.146743 0.504473 0.143817 0.510584 0.124957 0.537408 0.118259 0.543489 0.122901 0.554266 0.121055 0.556068 0.115525 0.581506 0.110647 0.585170 0.123370 0.589589 0.123872 0.597794 0.130742 0.615792 0.128158 0.649494 0.121403 0.673539 0.130096 0.678662 0.086761 0.705922 0.081470 0.751334 0.193747 0.745772 0.210976 0.760062 0.210138 0.832525 0.392786 0.819005 0.411789
