1 0.671735 0.404037 0.663039 0.464646 0.710324 0.481730 0.711720 0.483026 0.704613 0.545136 0.682242 0.563407 0.651379 0.552653 0.644083 0.602311 0.641917 0.604004 0.332884 0.497744 0.329424 0.488261 0.333116 0.475299 0.332845 0.466603 0.336955 0.455098 0.339464 0.455245 0.347476 0.429874 0.341012 0.414898 0.341036 0.412250 0.389381 0.266243 0.402957 0.260344 0.405849 0.253494 0.407674 0.252251 0.408219 0.237623 0.411441 0.227966 0.432531 0.235396 0.480302 0.252629 0.480382 0.254209 0.476705 0.276193 0.485287 0.279021 0.487803 0.265363 0.490528 0.255514 0.556447 0.279636 0.581111 0.288585 0.578859 0.298929 0.574151 0.311491 0.585916 0.315556 0.586809 0.315492 0.602663 0.321541 0.602888 0.321842 0.639782 0.334946 0.643134 0.329211 0.645188 0.327902 0.651026 0.329921 0.688070 0.344108 0.694584 0.333902 0.707119 0.338671 0.707686 0.339829 0.704248 0.361199 0.701769 0.377056 0.680804 0.406189 0.671837 0.403124
4 0.618706 0.478628 0.634408 0.456852 0.635298 0.455616 0.636691 0.455738 0.638346 0.455303 0.710352 0.481420 0.711752 0.483299 0.704560 0.545044 0.682042 0.563467 0.651382 0.552497 0.610104 0.537932 0.609150 0.535874 0.618250 0.479438
8 0.598599 0.487146 0.605559 0.489484 0.602605 0.505814 0.601076 0.506153 0.594929 0.504072 0.594599 0.502460 0.597280 0.488099
8 0.526994 0.475852 0.534054 0.478378 0.530145 0.494862 0.529323 0.495190 0.522960 0.492884 0.523214 0.491398
8 0.543092 0.402511 0.549947 0.404846 0.546430 0.419710 0.545425 0.420174 0.540156 0.418565 0.539581 0.416930
8 0.393269 0.399524 0.401040 0.402451 0.396143 0.418458 0.389239 0.415806 0.388980 0.414313
7 0.564609 0.568413 0.575581 0.552311 0.577674 0.539725 0.448052 0.494329 0.440695 0.525224
7 0.442781 0.492788 0.438671 0.509665 0.439585 0.510156 0.436190 0.523804 0.335483 0.489069 0.332884 0.466358 0.336768 0.455231 0.339548 0.455377
7 0.581162 0.288578 0.578635 0.299451 0.570565 0.321057 0.564397 0.323385 0.482549 0.294524 0.482257 0.293278 0.487872 0.265263 0.490476 0.255568
7 0.480279 0.252839 0.480449 0.254424 0.475141 0.283518 0.473452 0.290433 0.471670 0.291262 0.408315 0.267822 0.407180 0.265026 0.408151 0.237625 0.411348 0.227705
5 0.590337 0.338379 0.592924 0.338518 0.594763 0.335483 0.598676 0.332876 0.603554 0.331931 0.608032 0.332744 0.611556 0.334385 0.615594 0.337697 0.618217 0.341616 0.620064 0.346420 0.619061 0.351680 0.617065 0.357380 0.613798 0.365014 0.612345 0.371412 0.611344 0.374412 0.603399 0.378457 0.599223 0.377438 0.598217 0.374557 0.595249 0.373845 0.592009 0.374328 0.588986 0.373297 0.583610 0.364061 0.584893 0.360096 0.587485 0.348405 0.587684 0.343871 0.589257 0.340600 0.589851 0.338828
5 0.569828 0.367004 0.573027 0.367660 0.580337 0.364459 0.582785 0.357653 0.582234 0.357041 0.583846 0.350409 0.585928 0.346620 0.588081 0.337842 0.587449 0.332441 0.583495 0.326243 0.579372 0.323123 0.575003 0.321553 0.571304 0.321010 0.568415 0.322039 0.564916 0.323188 0.561939 0.326945 0.559690 0.329366 0.558174 0.332770 0.556796 0.339539 0.558241 0.341123 0.558736 0.342219 0.558213 0.343119 0.557678 0.343137 0.556581 0.349368 0.554904 0.357921 0.557661 0.362613 0.562661 0.364445 0.564428 0.364377 0.565258 0.363762 0.567550 0.364424 0.568678 0.365533 0.568998 0.366699
0 0.399224 0.285420 0.390636 0.313623 0.386541 0.326654 0.387867 0.342738 0.543192 0.396893 0.545207 0.393407 0.548770 0.384640 0.549179 0.383224 0.548289 0.382530 0.550421 0.375421 0.550735 0.372736 0.551340 0.370072 0.552525 0.367453 0.557758 0.342853 0.558761 0.342335 0.558410 0.340762 0.556164 0.339217 0.401517 0.283020 0.399845 0.283884
