1 0.320406 0.402769 0.333831 0.400388 0.331818 0.385158 0.326149 0.373932 0.325691 0.371558 0.324738 0.363225 0.325700 0.361644 0.370564 0.355358 0.372075 0.355511 0.373376 0.356392 0.384235 0.388432 0.384340 0.392001 0.483510 0.375303 0.475483 0.346213 0.470936 0.324200 0.472287 0.321539 0.531729 0.311981 0.533875 0.313212 0.550025 0.364536 0.584517 0.358210 0.586144 0.362124 0.586375 0.362481 0.588742 0.362209 0.591573 0.370601 0.591225 0.371474 0.593454 0.377962 0.594805 0.379130 0.596466 0.385936 0.594983 0.387596 0.599681 0.400479 0.606168 0.399271 0.645190 0.508532 0.642860 0.514495 0.647612 0.513566 0.683283 0.614943 0.683137 0.616736 0.679843 0.621711 0.682183 0.628927 0.681487 0.633110 0.676229 0.635458 0.610975 0.646857 0.609490 0.647406 0.607921 0.648759 0.605777 0.652237 0.597883 0.662339 0.595752 0.662929 0.396684 0.700002 0.377152 0.690123 0.367068 0.691640 0.361484 0.687545 0.360081 0.681165 0.359962 0.678131 0.359981 0.677129 0.357789 0.675775 0.357514 0.673844 0.345883 0.592672 0.347430 0.592250 0.346463 0.585206 0.342668 0.581440 0.329236 0.486242 0.329753 0.485483 0.331727 0.485142 0.319294 0.403310
4 0.470877 0.324089 0.472445 0.321566 0.475953 0.321961 0.529394 0.312859 0.531970 0.312111 0.533382 0.312332 0.534773 0.316730 0.551543 0.368565 0.551611 0.371204 0.550197 0.398074 0.493781 0.407473 0.490009 0.406054 0.489020 0.404545 0.488059 0.402921 0.485888 0.394637 0.486827 0.392148 0.475840 0.349510
8 0.509092 0.413876 0.510991 0.420974 0.527754 0.417576 0.525888 0.410587
8 0.539779 0.470645 0.541911 0.478041 0.559174 0.474704 0.559137 0.472844 0.557445 0.467275
8 0.456630 0.484493 0.455972 0.485920 0.457882 0.492101 0.475670 0.488475 0.475365 0.487229 0.473635 0.481195
7 0.589145 0.421708 0.592852 0.402092 0.606092 0.399205 0.644948 0.508902 0.642701 0.514331 0.633303 0.516166 0.632639 0.516976 0.629584 0.526787 0.625256 0.527650
7 0.627926 0.531842 0.632643 0.517215 0.633452 0.516192 0.647693 0.513557 0.683257 0.615305 0.683003 0.616742 0.675894 0.627833 0.661786 0.630438
7 0.329295 0.486298 0.329873 0.485506 0.343329 0.483399 0.355364 0.502211 0.369242 0.590936 0.362812 0.592314 0.360720 0.589858 0.352548 0.591425 0.342920 0.581766 0.342457 0.580303
7 0.372025 0.602550 0.360765 0.589845 0.346046 0.592734 0.357756 0.675632 0.368525 0.683000 0.383845 0.679521
0 0.431258 0.666908 0.426303 0.662247 0.424884 0.659271 0.393810 0.494250 0.394393 0.492208 0.396660 0.491172 0.397441 0.493425 0.399942 0.492915 0.400396 0.492407 0.401155 0.492003 0.400869 0.490448 0.401301 0.489655 0.401887 0.486976 0.403926 0.486513 0.404473 0.485868 0.406427 0.486003 0.409170 0.485612 0.438630 0.479905 0.441061 0.480684 0.442554 0.482601 0.443425 0.485354 0.445264 0.485342 0.447089 0.484638 0.446752 0.482921 0.448182 0.482480 0.449551 0.482921 0.451227 0.484829 0.452182 0.490495 0.492363 0.651478 0.492050 0.653792 0.491438 0.655820 0.489996 0.657210 0.468289 0.661182 0.464312 0.660727 0.456044 0.662459 0.453656 0.663778 0.450650 0.664412 0.432653 0.667965
8 0.547467 0.611669 0.550084 0.620321 0.568531 0.616932 0.568759 0.615230 0.566794 0.608080
5 0.361292 0.465447 0.360702 0.466428 0.361864 0.474217 0.362981 0.476168 0.364956 0.474120 0.366938 0.471963 0.368480 0.470677 0.370314 0.469489 0.373231 0.468441 0.376560 0.467465 0.378775 0.467072 0.381730 0.467172 0.384568 0.467519 0.387002 0.468232 0.390234 0.469205 0.391872 0.470485 0.392738 0.471169 0.395742 0.468340 0.397864 0.465600 0.395941 0.460751 0.395146 0.458234 0.395511 0.456719 0.395378 0.453831 0.394845 0.451529 0.393205 0.449424 0.391190 0.448395 0.389199 0.443946 0.387284 0.441793 0.384691 0.439960 0.381209 0.438603 0.377206 0.437860 0.373875 0.437679 0.370585 0.437991 0.367219 0.438712 0.364406 0.440047 0.361451 0.442067 0.359138 0.444333 0.357417 0.446684 0.356248 0.448994 0.356092 0.452076 0.356832 0.456040 0.358106 0.457796 0.359419 0.459674 0.360330 0.462557
5 0.379230 0.467016 0.383255 0.467239 0.386263 0.467838 0.388331 0.468505 0.390944 0.469485 0.392689 0.470545 0.395071 0.472860 0.396378 0.475501 0.397420 0.477730 0.398125 0.478892 0.400321 0.479037 0.401547 0.483047 0.402071 0.484572 0.401676 0.485591 0.401700 0.487265 0.401255 0.489725 0.400805 0.490971 0.401090 0.491871 0.400272 0.492486 0.400063 0.492891 0.397510 0.493515 0.396758 0.490982 0.396258 0.490786 0.394730 0.491422 0.394075 0.492355 0.393808 0.493819 0.394155 0.497847 0.394707 0.500363 0.395167 0.502819 0.369587 0.507018 0.368890 0.506660 0.367339 0.503834 0.366856 0.502768 0.365899 0.496712 0.366542 0.494906 0.367005 0.494405 0.366397 0.491695 0.365479 0.490955 0.364499 0.488936 0.363092 0.486751 0.362642 0.485719 0.361946 0.483715 0.361848 0.480257 0.362325 0.478224 0.363169 0.476661 0.364169 0.474905 0.366088 0.472808 0.368014 0.471026 0.370034 0.469644 0.373325 0.468343 0.377147 0.467344
2 0.495858 0.545743 0.501951 0.544656 0.506770 0.544355 0.511542 0.545751 0.514552 0.548241 0.518127 0.552885 0.518143 0.559229 0.515505 0.563101 0.515440 0.568075 0.512849 0.574317 0.506353 0.578569 0.502697 0.583664 0.500321 0.586882 0.494474 0.586524 0.488451 0.585610 0.481063 0.582230 0.479017 0.577239 0.478552 0.573179 0.481135 0.566542 0.485227 0.561348 0.487841 0.556291 0.487901 0.552409 0.490563 0.549722 0.493378 0.547893
