6 0.745996 0.504176 0.164959 0.008196
6 0.499845 0.410182 0.168342 0.006975
6 0.563014 0.361600 0.163149 0.011770
6 0.562126 0.501312 0.165764 0.009847
6 0.459704 0.428036 0.162783 0.012707
8 0.471651 0.517876 0.172650 0.050065
8 0.523171 0.323962 0.171422 0.049256
8 0.356663 0.295374 0.171599 0.050387
8 0.819837 0.516631 0.173598 0.050748
0 0.476556 0.559088 0.849497 0.704678 0.844442 0.717691 0.847183 0.724856 0.850762 0.730198 0.828429 0.817141 0.820554 0.821395 0.816632 0.833206 0.439042 0.688069 0.469798 0.565137
5 0.390568 0.643959 0.431066 0.658626 0.437190 0.677871 0.436502 0.690727 0.432906 0.701073 0.433460 0.712238 0.429647 0.723560 0.423921 0.733741 0.419537 0.749587 0.406307 0.744785 0.394498 0.747243 0.386227 0.743522 0.370335 0.733151 0.351909 0.722484 0.366045 0.662709
5 0.315145 0.615383 0.350850 0.631637 0.361412 0.660164 0.347167 0.720427 0.328575 0.714414 0.318304 0.715800 0.306957 0.714223 0.295698 0.706396 0.291282 0.702876 0.277056 0.696705 0.282149 0.673765 0.284158 0.660813 0.287350 0.650336 0.288975 0.643014 0.294030 0.630001
7 0.393239 0.766368 0.605518 0.849342 0.614447 0.880850 0.606278 0.912641 0.377666 0.824842 0.383028 0.789012
7 0.631501 0.856156 0.787035 0.914507 0.811832 0.952935 0.803090 0.982305 0.631848 0.917979 0.621527 0.874395
7 0.758689 0.216917 0.984647 0.310420 0.974819 0.343016 0.937348 0.348338 0.727147 0.259338 0.727660 0.253690 0.737231 0.245606 0.742621 0.226331 0.759682 0.216198
7 0.459164 0.098257 0.746405 0.213035 0.737453 0.245021 0.717342 0.262217 0.445618 0.155108 0.447139 0.133241
4 0.157248 0.096708 0.338059 0.173393 0.347137 0.194216 0.305729 0.344047 0.112888 0.266922 0.108639 0.254368 0.150350 0.101505
1 0.280635 0.042957 0.305725 0.053495 0.305481 0.048569 0.375637 0.076106 0.454007 0.110339 0.457682 0.099813 0.746205 0.213324 0.744342 0.223224 0.746131 0.224206 0.756984 0.216002 0.985664 0.310563 0.976367 0.341893 0.954050 0.345986 0.921699 0.463084 0.938078 0.502314 0.914594 0.594539 0.922686 0.598772 0.922367 0.604728 0.912358 0.603107 0.905069 0.625391 0.914097 0.629927 0.913405 0.634551 0.904538 0.635319 0.899205 0.657832 0.904794 0.667315 0.901917 0.671232 0.893947 0.669463 0.828161 0.914571 0.798293 0.932482 0.812157 0.949893 0.804025 0.982004 0.631917 0.919474 0.628643 0.907104 0.608751 0.900267 0.606676 0.914139 0.376740 0.823615 0.380209 0.811003 0.105068 0.710364 0.112888 0.678153 0.105794 0.675454 0.092672 0.683329 0.058781 0.668733 0.093899 0.551226 0.126027 0.540611 0.146437 0.548127 0.209710 0.305299 0.112362 0.266141 0.108897 0.256133 0.151195 0.100256 0.155259 0.095511 0.254395 0.135652
