8 0.322024 0.619322 0.022472 0.188008
8 0.536131 0.497567 0.021312 0.187380
8 0.569070 0.598759 0.023122 0.187024
8 0.681204 0.553580 0.023635 0.186880
4 0.721299 0.510658 0.854715 0.478716 0.887701 0.566879 0.749408 0.602647 0.724603 0.597141 0.697528 0.515515
7 0.477562 0.695045 0.676276 0.648477 0.689674 0.657399 0.698546 0.675427 0.475741 0.726945 0.471412 0.708783
7 0.309498 0.734271 0.462070 0.699308 0.468295 0.708962 0.466750 0.730853 0.291146 0.771049 0.283856 0.753559
7 0.181322 0.403149 0.308344 0.375486 0.318605 0.384523 0.327492 0.399256 0.326319 0.406703 0.211430 0.433703 0.183917 0.421406
7 0.325821 0.369772 0.497003 0.332515 0.501490 0.350509 0.503061 0.365743 0.346442 0.403772 0.330948 0.388951
0 0.220657 0.478321 0.500260 0.411782 0.504292 0.420454 0.523024 0.475643 0.522487 0.479052 0.256948 0.545135 0.241399 0.547024 0.239445 0.543907 0.240768 0.541962 0.239902 0.540241 0.230696 0.537676 0.225303 0.532874 0.221324 0.519260 0.222243 0.516038 0.219313 0.505746 0.216537 0.503090 0.211228 0.487311 0.217172 0.485687 0.217871 0.482789
5 0.515093 0.369053 0.523504 0.368846 0.532365 0.369298 0.536508 0.372192 0.543972 0.378440 0.547880 0.384675 0.547937 0.395072 0.546605 0.404141 0.540328 0.411867 0.529929 0.417791 0.518701 0.420068 0.512008 0.418302 0.504771 0.415837 0.497888 0.408361 0.494958 0.398069 0.493594 0.386599 0.496336 0.379949 0.504023 0.374642
1 0.223946 0.574733 0.185779 0.450071 0.199397 0.430061 0.183328 0.420958 0.180078 0.405821 0.307490 0.375051 0.317889 0.384660 0.328347 0.382805 0.325578 0.370161 0.496553 0.331625 0.498667 0.340255 0.695092 0.292504 0.699501 0.304515 0.708870 0.302126 0.718528 0.289001 0.744289 0.283148 0.767675 0.345503 0.740088 0.367907 0.723563 0.371922 0.770209 0.498172 0.855192 0.478864 0.887755 0.566373 0.801890 0.589785 0.818955 0.637961 0.800349 0.642188 0.800523 0.643710 0.750795 0.655268 0.748561 0.654995 0.694846 0.668500 0.697700 0.674619 0.476096 0.727105 0.473814 0.720856 0.468243 0.722642 0.466482 0.731631 0.291057 0.770186 0.285210 0.754597 0.295845 0.743593 0.275699 0.677899 0.252350 0.664205 0.237212 0.617222 0.228584 0.617101 0.228843 0.612097 0.235734 0.611572 0.232623 0.599786 0.225369 0.600133 0.223339 0.595649 0.230209 0.594088 0.226945 0.581817 0.221792 0.582988 0.220508 0.579896
