1 0.414037 0.124801 0.397157 0.129007 0.228278 0.676754 0.320581 0.691940 0.304391 0.741983 0.313013 0.786728 0.318176 0.790796 0.436992 0.800104 0.440442 0.796385 0.468909 0.709884 0.599458 0.725799 0.594300 0.741344 0.634900 0.781288 0.707405 0.787317 0.714903 0.764363 0.698135 0.751149 0.722276 0.677855 0.721238 0.674903 0.712922 0.669251 0.749715 0.557470 0.785179 0.565320 0.839522 0.407350 0.822819 0.402509 0.800360 0.402630 0.804146 0.392206 0.844590 0.390531 0.882915 0.271562 0.866060 0.265642 0.830989 0.272926 0.822365 0.268250 0.812079 0.245434 0.685383 0.194909 0.694099 0.189158 0.694782 0.186064 0.692530 0.184561 0.689260 0.183818 0.685149 0.186352 0.673498 0.191796 0.663496 0.187707 0.672218 0.180441 0.672695 0.177081 0.669655 0.176225 0.665450 0.176591 0.652125 0.183636 0.641348 0.179536 0.649414 0.173111 0.651588 0.169311 0.648379 0.167757 0.644321 0.167660 0.639820 0.171427 0.633662 0.173660 0.627251 0.174846 0.615481 0.170189 0.551787 0.147400 0.522822 0.158607 0.446512 0.131562 0.453800 0.109499 0.429412 0.100183 0.425631 0.103098
7 0.429493 0.100693 0.453381 0.109066 0.390408 0.300539 0.379587 0.310067 0.363155 0.305176 0.358876 0.308515 0.352776 0.307024 0.413645 0.124957 0.426064 0.103699
7 0.363524 0.305576 0.389155 0.313924 0.314748 0.556111 0.290337 0.552141 0.287724 0.550601 0.282745 0.536536 0.349879 0.315409
7 0.814856 0.276370 0.865847 0.265900 0.882905 0.272276 0.844569 0.390326 0.795489 0.392554 0.777740 0.386168
7 0.772365 0.403181 0.822144 0.402582 0.839592 0.407724 0.785178 0.566236 0.767103 0.561981 0.724322 0.549759
0 0.685665 0.232712 0.710903 0.224152 0.712268 0.227836 0.713289 0.230299 0.713123 0.232141 0.720176 0.228224 0.723805 0.226817 0.727670 0.223350 0.736871 0.224032 0.755815 0.230686 0.755114 0.233345 0.766773 0.237639 0.771427 0.236935 0.789905 0.244187 0.790092 0.246226 0.702073 0.522635 0.694932 0.527706 0.688110 0.526508 0.614729 0.509832 0.600331 0.504563 0.600138 0.501231
8 0.552978 0.229131 0.547796 0.243695 0.576439 0.252172 0.581259 0.237526
8 0.560213 0.496502 0.556960 0.508451 0.584302 0.514959 0.588303 0.502295
8 0.408617 0.592630 0.405978 0.605096 0.434855 0.609455 0.437827 0.597694
4 0.349733 0.616244 0.344092 0.620260 0.305291 0.743075 0.312747 0.787676 0.316863 0.790465 0.436522 0.800178 0.440841 0.796392 0.482993 0.666311 0.481826 0.665233 0.482452 0.662818 0.452888 0.631741
