7 0.605276 0.221275 0.607333 0.180800 0.627031 0.176499 0.671945 0.259679 0.668624 0.274918 0.659385 0.276585 0.658482 0.277911 0.653797 0.300100 0.643709 0.301011
7 0.658473 0.277805 0.659486 0.276684 0.681104 0.272577 0.750273 0.408015 0.750411 0.411055 0.735098 0.442592 0.713335 0.445650 0.651122 0.318154
7 0.251085 0.304351 0.226279 0.264722 0.225069 0.264290 0.208909 0.268000 0.207900 0.267391 0.207217 0.266999 0.206140 0.267535 0.206147 0.268918 0.205750 0.269701 0.219846 0.393591 0.225877 0.400013 0.242637 0.396206 0.244057 0.396479 0.267153 0.421804 0.269445 0.421284
7 0.243990 0.396426 0.242206 0.396100 0.222752 0.400957 0.222021 0.401780 0.250921 0.599526 0.251599 0.601126 0.254382 0.602430 0.282616 0.618666 0.304355 0.612451 0.304878 0.610286 0.302286 0.607405 0.301092 0.605265 0.300558 0.603304 0.300596 0.601104 0.303180 0.600553 0.301295 0.589548 0.299930 0.585912 0.298657 0.584338 0.298166 0.582514 0.298533 0.580129 0.299317 0.578930 0.296232 0.564946 0.294238 0.560138 0.294203 0.558393 0.295215 0.556956 0.272558 0.428440
4 0.346952 0.649900 0.477200 0.619033 0.479548 0.621955 0.488488 0.644434 0.527829 0.783883 0.526541 0.786212 0.510883 0.793520 0.423547 0.812925 0.420106 0.811241 0.384205 0.818108 0.377783 0.812598 0.345181 0.652660
1 0.246468 0.297404 0.318356 0.280938 0.335234 0.264362 0.382287 0.254044 0.381862 0.251033 0.383025 0.248534 0.384803 0.247054 0.387123 0.246361 0.379410 0.223198 0.380368 0.221905 0.382689 0.221212 0.384068 0.221561 0.385388 0.222337 0.392342 0.245259 0.396035 0.244586 0.399015 0.245978 0.400858 0.247794 0.401843 0.247819 0.401779 0.245764 0.402864 0.243945 0.404800 0.242347 0.407078 0.241829 0.400551 0.219639 0.401083 0.217614 0.403270 0.217118 0.404905 0.217657 0.406606 0.221492 0.412734 0.240876 0.416197 0.240090 0.418689 0.241179 0.419864 0.242733 0.420126 0.243253 0.421360 0.243138 0.421861 0.240707 0.424057 0.238387 0.427580 0.237173 0.421222 0.214282 0.421609 0.213036 0.422805 0.212185 0.425163 0.212228 0.425918 0.213381 0.430006 0.225696 0.430730 0.226442 0.432127 0.229933 0.433558 0.236312 0.435647 0.235507 0.438749 0.237286 0.440954 0.241172 0.465736 0.235544 0.466839 0.233472 0.469079 0.232218 0.471609 0.229409 0.475423 0.227881 0.476297 0.226937 0.476677 0.220726 0.496514 0.216138 0.497598 0.217713 0.500553 0.219028 0.502802 0.219345 0.511385 0.217148 0.513119 0.214602 0.513262 0.212583 0.531869 0.208440 0.533383 0.208593 0.537692 0.218209 0.540724 0.217603 0.541797 0.216366 0.545279 0.216569 0.546624 0.217422 0.588139 0.209732 0.605879 0.215802 0.607487 0.180755 0.627017 0.176733 0.671715 0.259453 0.668589 0.274897 0.681152 0.272623 0.750473 0.408188 0.750150 0.411490 0.741081 0.430683 0.843335 0.640135 0.842252 0.643195 0.842211 0.644611 0.846910 0.654222 0.844509 0.657747 0.814797 0.672192 0.724574 0.691689 0.721383 0.691172 0.716053 0.677401 0.715041 0.676968 0.511254 0.723710 0.510464 0.725158 0.528122 0.784171 0.526684 0.785888 0.510762 0.793556 0.423761 0.812749 0.421123 0.811086 0.384555 0.818166 0.378008 0.813293 0.367417 0.756904 0.301570 0.770378 0.298717 0.768064 0.294075 0.740356 0.289246 0.740078 0.286683 0.739074 0.284012 0.722339 0.285230 0.721850 0.279447 0.683827 0.280004 0.682431 0.283993 0.681631 0.272618 0.613683 0.272771 0.612590 0.251578 0.600802 0.250519 0.599033 0.221867 0.401452 0.223193 0.400517 0.225816 0.400133 0.220155 0.393276 0.219483 0.390362 0.205968 0.269075 0.207013 0.267252 0.209343 0.268309 0.225430 0.264338 0.226969 0.265258
5 0.628713 0.461068 0.639061 0.486145 0.658169 0.493792 0.663091 0.493646 0.664284 0.490568 0.666326 0.488160 0.669809 0.484670 0.674228 0.481722 0.678070 0.479770 0.684901 0.478003 0.691931 0.477270 0.699051 0.478029 0.704869 0.479534 0.706020 0.477385 0.702041 0.464799 0.700372 0.464301 0.699548 0.463207 0.696885 0.463340 0.696709 0.462031 0.698335 0.459368 0.701360 0.452072 0.701359 0.448295 0.700291 0.442400 0.698266 0.439015 0.694368 0.434235 0.691349 0.431481 0.686334 0.428708 0.681578 0.426753 0.677303 0.425566 0.674173 0.424725 0.669543 0.424428 0.664136 0.424442 0.658834 0.425039 0.654053 0.426529 0.649768 0.428581 0.645851 0.431292 0.641980 0.434397 0.639974 0.437618 0.637861 0.442009 0.635800 0.448074 0.632051 0.454591
5 0.662718 0.493774 0.664096 0.490865 0.666950 0.487296 0.670738 0.483775 0.675065 0.481234 0.679636 0.479223 0.686748 0.477737 0.692375 0.477368 0.699580 0.477874 0.705439 0.479462 0.711355 0.480975 0.718079 0.485289 0.721481 0.488541 0.724330 0.491982 0.726777 0.496814 0.727932 0.501679 0.727869 0.507536 0.725183 0.515026 0.731210 0.532155 0.728010 0.536321 0.683332 0.547117 0.663055 0.538936 0.661172 0.537092 0.652115 0.510136 0.660069 0.497751
8 0.507488 0.476947 0.512227 0.489987 0.541100 0.483430 0.536955 0.469994
8 0.366041 0.507644 0.368626 0.519076 0.369653 0.520878 0.399508 0.514389 0.399291 0.511530 0.395790 0.501179
8 0.418874 0.618185 0.450524 0.610906 0.454761 0.623968 0.422209 0.631451
8 0.366449 0.306215 0.369343 0.316473 0.370964 0.318662 0.395428 0.313106 0.394485 0.309387 0.392827 0.301208 0.391238 0.300585
0 0.465723 0.235015 0.466974 0.233237 0.468921 0.232073 0.471146 0.237299 0.472083 0.237712 0.472491 0.236879 0.474050 0.236924 0.473181 0.231201 0.473863 0.229111 0.475879 0.227628 0.476622 0.220629 0.495980 0.216005 0.497471 0.217639 0.498800 0.218261 0.501187 0.219177 0.502338 0.219235 0.511191 0.217118 0.512100 0.215881 0.513275 0.214156 0.513526 0.212428 0.532089 0.208390 0.533515 0.208920 0.537744 0.218448 0.540366 0.217852 0.540871 0.217062 0.541857 0.216198 0.543929 0.216119 0.546182 0.216745 0.547144 0.217664 0.549406 0.220706 0.550648 0.222379 0.551243 0.223595 0.638485 0.427234 0.639061 0.429545 0.638148 0.430886 0.636349 0.433170 0.635011 0.436040 0.632965 0.448282 0.630206 0.449784 0.606679 0.455010 0.604653 0.453604 0.603659 0.449807 0.579606 0.455328 0.579397 0.456191 0.578182 0.456700 0.578718 0.460136 0.549651 0.467203 0.546279 0.463712 0.542466 0.448602 0.540935 0.447026 0.538460 0.440066
2 0.368174 0.302759 0.374899 0.300824 0.383699 0.299743 0.395291 0.298741 0.396329 0.302787 0.399276 0.306400 0.400336 0.310135 0.399631 0.314373 0.398385 0.316899 0.390050 0.318690 0.386653 0.319359 0.382962 0.323664 0.372884 0.325647 0.369799 0.325022 0.365841 0.320110 0.365339 0.314719 0.364132 0.307856 0.366515 0.304359
2 0.637554 0.280260 0.634617 0.279261 0.631761 0.277688 0.629561 0.278188 0.624664 0.280522 0.619800 0.282960 0.615907 0.286398 0.614004 0.289496 0.613438 0.293511 0.616139 0.295008 0.618017 0.296803 0.618887 0.300382 0.621402 0.303365 0.624538 0.306651 0.627778 0.309025 0.633404 0.309413 0.637767 0.309533 0.640769 0.310739 0.645229 0.311170 0.646721 0.310498 0.650812 0.309347 0.652264 0.309795 0.654484 0.305625 0.653686 0.301031 0.650398 0.299334 0.646752 0.298163 0.643518 0.294566 0.640952 0.290595 0.639664 0.284446 0.637521 0.280157
2 0.527951 0.411941 0.522229 0.413517 0.518890 0.415386 0.515574 0.418359 0.510785 0.424441 0.509454 0.426963 0.507818 0.429555 0.510565 0.434620 0.512161 0.439668 0.513419 0.443129 0.516700 0.444187 0.518703 0.448450 0.520738 0.454370 0.523646 0.457872 0.528250 0.457936 0.531509 0.457890 0.534019 0.460650 0.537892 0.462545 0.543792 0.464119 0.545633 0.462175 0.542852 0.447683 0.540146 0.442748 0.536242 0.433506 0.531516 0.419594 0.529489 0.412146
