1 0.319044 0.278287 0.331085 0.236483 0.338962 0.238473 0.340223 0.233545 0.378564 0.242495 0.379130 0.246836 0.397810 0.249741 0.401930 0.232234 0.404277 0.229979 0.601096 0.269711 0.607671 0.287073 0.612855 0.269218 0.614971 0.269000 0.615826 0.271036 0.806772 0.311507 0.807453 0.313880 0.803600 0.339426 0.808075 0.344437 0.811006 0.351406 0.810991 0.356173 0.786071 0.465828 0.802283 0.498779 0.714896 0.849843 0.684359 0.866192 0.677725 0.885946 0.669013 0.889518 0.662904 0.886783 0.658647 0.900386 0.659739 0.900731 0.654750 0.902382 0.510737 0.826653 0.514984 0.812586 0.505268 0.807590 0.491338 0.816534 0.331386 0.729136 0.331242 0.727715 0.334040 0.717455 0.209683 0.651608 0.213866 0.636282 0.189426 0.623195 0.163264 0.621259 0.147206 0.612333 0.146868 0.609199 0.168360 0.536193 0.171201 0.534476 0.229189 0.547843 0.238644 0.551934 0.282491 0.398505 0.196718 0.359024 0.194568 0.352567 0.195327 0.349229 0.197976 0.349378 0.226700 0.259951 0.228176 0.258078
7 0.404277 0.230312 0.401521 0.232089 0.397669 0.250920 0.414941 0.273446 0.417749 0.274019 0.421636 0.276901 0.427551 0.284676 0.608942 0.325256 0.612829 0.312172 0.605466 0.292306 0.607437 0.287080 0.600714 0.269567
7 0.614861 0.269122 0.612770 0.269712 0.605570 0.292428 0.616811 0.326544 0.618654 0.328472 0.797036 0.370027 0.803656 0.334439 0.807149 0.313330 0.806557 0.311990 0.615432 0.270939
7 0.658625 0.900543 0.659448 0.900803 0.654196 0.902574 0.510624 0.826649 0.519017 0.800190 0.541530 0.784538 0.674838 0.852126
7 0.522861 0.775272 0.523609 0.779887 0.517946 0.799006 0.491158 0.817242 0.331346 0.729175 0.330997 0.728076 0.337243 0.707446 0.340235 0.704295 0.344990 0.705515 0.380799 0.702368
0 0.712251 0.659851 0.713639 0.663902 0.702697 0.705249 0.699953 0.706525 0.695520 0.727633 0.696902 0.730751 0.691027 0.757403 0.686533 0.760378 0.688214 0.764982 0.692069 0.766414 0.689189 0.768291 0.683638 0.770717 0.390837 0.640412 0.389641 0.634340 0.391596 0.632110 0.392039 0.630162 0.391056 0.628339 0.385314 0.625370 0.403673 0.558462 0.409602 0.557258 0.410247 0.554897 0.413252 0.555077 0.416359 0.553366 0.417012 0.550494 0.414131 0.548815 0.414993 0.545497 0.420779 0.545401 0.710965 0.658621
4 0.363365 0.318550 0.337989 0.409922 0.331996 0.411943 0.281605 0.398170 0.197624 0.357511 0.196143 0.355065 0.194482 0.353410 0.196052 0.349668 0.197827 0.349240 0.226961 0.258997 0.228498 0.257505 0.318518 0.278458 0.323396 0.282825
8 0.469113 0.372222 0.480435 0.376122 0.481088 0.379887 0.474996 0.403678 0.472340 0.405103 0.462520 0.401839 0.461764 0.398527
8 0.364967 0.365400 0.375572 0.368910 0.368975 0.394355 0.367039 0.395930 0.357837 0.392596 0.357938 0.391138
8 0.431595 0.507523 0.432846 0.507181 0.443941 0.511055 0.444259 0.514478 0.437464 0.539555 0.433179 0.539124 0.424124 0.536263 0.423897 0.534161
8 0.693170 0.493149 0.708064 0.498013 0.700997 0.529704 0.697858 0.531090 0.686042 0.526881 0.686155 0.523429
