7 0.283514 0.196778 0.280334 0.143256 0.288368 0.127012 0.415269 0.174959 0.410389 0.221911 0.403555 0.244340 0.283551 0.197889
7 0.433640 0.181062 0.598709 0.248627 0.594292 0.268063 0.577698 0.304142 0.570492 0.305281 0.566474 0.306402 0.563839 0.310351 0.420218 0.250632 0.426850 0.199794 0.433157 0.180955 0.433697 0.181126
7 0.095975 0.582539 0.311261 0.662252 0.313850 0.666144 0.317706 0.681022 0.311538 0.704345 0.307539 0.704106 0.115829 0.639440 0.084660 0.613542 0.083889 0.610566
7 0.328970 0.665536 0.593280 0.752447 0.590762 0.781362 0.563807 0.787873 0.321642 0.708291 0.318017 0.696218
8 0.238583 0.447772 0.227713 0.480279 0.244757 0.486612 0.255741 0.455955 0.254595 0.452749 0.239167 0.447558
8 0.528783 0.470178 0.174870 0.036145
8 0.497452 0.616424 0.174544 0.039603
8 0.622615 0.618558 0.627699 0.616064 0.640602 0.621128 0.636016 0.653824 0.620604 0.648757
4 0.647829 0.717409 0.660952 0.599192 0.706121 0.571773 0.708787 0.573002 0.711087 0.572957 0.843027 0.621589 0.843735 0.625672 0.836041 0.750238 0.832126 0.755949 0.776760 0.762003
5 0.582488 0.304550 0.591551 0.307022 0.600625 0.313632 0.605276 0.321090 0.608112 0.327226 0.608138 0.339212 0.603985 0.345386 0.601200 0.352990 0.597120 0.364427 0.596043 0.373819 0.591996 0.379527 0.584450 0.383881 0.576484 0.386355 0.552329 0.377226 0.548978 0.372425 0.550498 0.366666 0.553028 0.352743 0.555207 0.345946 0.556107 0.341988 0.552279 0.339281 0.550007 0.335319 0.548379 0.331312 0.552445 0.320868 0.555991 0.315501 0.559467 0.315101 0.564289 0.310636 0.570165 0.305256 0.577419 0.304054
5 0.630078 0.325509 0.638412 0.326069 0.647466 0.327183 0.654528 0.332408 0.660652 0.340831 0.663604 0.349250 0.664857 0.358629 0.659501 0.369164 0.654608 0.378597 0.650677 0.386588 0.649724 0.390779 0.648007 0.396475 0.642737 0.401048 0.632533 0.404063 0.606891 0.394963 0.598181 0.380234 0.599360 0.374118 0.600200 0.363903 0.604651 0.350836 0.607302 0.345685 0.609076 0.336015 0.612118 0.334730 0.616590 0.337391 0.622375 0.331483 0.627077 0.328477
1 0.584710 0.287794 0.602828 0.296260 0.605133 0.294493 0.632590 0.304915 0.632206 0.307538 0.697854 0.333269 0.705747 0.325532 0.710015 0.321640 0.714636 0.320854 0.783717 0.349167 0.801432 0.332555 0.821572 0.341663 0.822661 0.345251 0.818687 0.414863 0.767229 0.456997 0.752731 0.451918 0.740823 0.583409 0.838655 0.618310 0.843917 0.621220 0.836161 0.749311 0.831903 0.755951 0.776589 0.762930 0.723634 0.743704 0.713439 0.840692 0.707842 0.843914 0.444404 0.761434 0.109395 0.649355 0.104387 0.632301 0.084206 0.612201 0.095190 0.582483 0.114685 0.591637 0.148249 0.508166 0.136419 0.476548 0.171224 0.389477 0.166928 0.371151 0.169906 0.367351 0.176073 0.372793 0.181994 0.363491 0.177708 0.347914 0.180542 0.343819 0.184524 0.349568 0.189985 0.338567 0.186950 0.322137 0.189414 0.319672 0.197054 0.326078 0.254327 0.199714 0.276804 0.191095 0.282790 0.181507 0.280175 0.142752 0.291695 0.127427 0.415218 0.174936 0.411192 0.220577 0.422928 0.224783 0.427462 0.195523 0.433808 0.181558 0.598295 0.248747 0.594404 0.267730
