7 0.357902 0.318856 0.347317 0.297083 0.343014 0.298812 0.337523 0.284294 0.335851 0.270048 0.519933 0.209304 0.523557 0.226628 0.531130 0.273731 0.386272 0.322452 0.380423 0.318759 0.377303 0.316051 0.365216 0.291798 0.360834 0.293182 0.363575 0.305244 0.360304 0.307385 0.361970 0.316093 0.363202 0.320137
7 0.528494 0.204732 0.680440 0.158309 0.685540 0.173701 0.682408 0.224352 0.541283 0.270827 0.537786 0.262486
7 0.460622 0.674442 0.457364 0.649428 0.656102 0.594362 0.662759 0.619682 0.660643 0.649106 0.477559 0.700558
7 0.674124 0.618299 0.678808 0.586522 0.831836 0.544832 0.840963 0.569106 0.819937 0.603705 0.683154 0.642393 0.680345 0.641950
8 0.326306 0.415372 0.338608 0.412451 0.341286 0.436860 0.329699 0.440260 0.326951 0.414572
8 0.438882 0.373460 0.017821 0.283767
8 0.448188 0.477050 0.461375 0.474378 0.463653 0.485374 0.459564 0.488749 0.457520 0.490436 0.460000 0.497463 0.459949 0.501124 0.459979 0.503198 0.453129 0.505102
8 0.672436 0.342870 0.021333 0.285133
4 0.162173 0.368352 0.273319 0.330047 0.308167 0.379938 0.309202 0.388760 0.313921 0.468184 0.203055 0.502925 0.159846 0.459964 0.156885 0.455467
5 0.365654 0.602818 0.373348 0.598256 0.380069 0.594712 0.391833 0.593481 0.399649 0.597405 0.408403 0.602808 0.413411 0.607619 0.419110 0.611501 0.421192 0.614040 0.422698 0.620667 0.425985 0.628508 0.427668 0.642538 0.429213 0.666556 0.375410 0.682844 0.369766 0.677879 0.368769 0.657594 0.361036 0.644765 0.356147 0.628552 0.358307 0.616859 0.363728 0.606267
5 0.425880 0.588300 0.435126 0.577317 0.442053 0.573353 0.456330 0.575235 0.465194 0.578473 0.471742 0.587414 0.476524 0.591231 0.481380 0.595379 0.484222 0.606557 0.488121 0.642263 0.458565 0.647338 0.455728 0.656048 0.437619 0.662480 0.431393 0.656278 0.430341 0.637076 0.428253 0.629212 0.421273 0.619697 0.421056 0.609465 0.422558 0.596205
1 0.248099 0.488274 0.202107 0.502832 0.156440 0.456882 0.162729 0.369300 0.259449 0.335191 0.266677 0.332552 0.280160 0.328293 0.294767 0.323678 0.301077 0.320974 0.303577 0.327998 0.303933 0.328240 0.329214 0.320253 0.325530 0.309342 0.329216 0.305691 0.337079 0.317768 0.347528 0.313402 0.337961 0.285880 0.335748 0.270809 0.518862 0.210116 0.523785 0.223832 0.528768 0.256354 0.535585 0.254556 0.527961 0.205110 0.679938 0.159227 0.685628 0.172346 0.682676 0.212347 0.684718 0.212057 0.712240 0.281498 0.737216 0.291311 0.742440 0.306353 0.747245 0.297022 0.751409 0.302099 0.749159 0.317372 0.749953 0.323514 0.755565 0.316413 0.759223 0.320585 0.757220 0.338266 0.759418 0.343965 0.762426 0.337331 0.766084 0.341503 0.763985 0.357439 0.840775 0.554914 0.837787 0.562961 0.842047 0.569784 0.830096 0.587411 0.835321 0.602453 0.828892 0.616560 0.820541 0.619554 0.819162 0.626737 0.597279 0.689024 0.259248 0.776996 0.255214 0.771167 0.254425 0.735899 0.235940 0.740674 0.184282 0.714730 0.184441 0.622692 0.210791 0.615432 0.229615 0.629375 0.250984 0.624044
