7 0.265022 0.320572 0.239058 0.311321 0.234851 0.295817 0.431306 0.234429 0.443871 0.245682 0.444761 0.249596 0.453999 0.256902 0.450757 0.265281
7 0.440186 0.229363 0.615551 0.179355 0.620104 0.195956 0.623285 0.216984 0.461689 0.263692 0.444372 0.246169
7 0.596524 0.565110 0.600244 0.553310 0.724858 0.528818 0.731905 0.540151 0.737278 0.557154 0.601823 0.583520 0.596686 0.566169
7 0.413900 0.602561 0.439691 0.583030 0.580705 0.554519 0.588144 0.569289 0.582739 0.587272 0.419223 0.619131
8 0.266795 0.407864 0.020620 0.185997
8 0.365698 0.364186 0.020404 0.186458
8 0.399068 0.461491 0.020366 0.185191
8 0.606722 0.338555 0.022944 0.187371
4 0.081352 0.396357 0.181337 0.367376 0.187565 0.367533 0.192358 0.368366 0.230418 0.370201 0.233037 0.373275 0.256352 0.443798 0.230198 0.450963 0.207268 0.455299 0.186737 0.461361 0.164243 0.465773 0.122227 0.473572 0.107367 0.476075 0.103492 0.472937 0.103962 0.469861 0.078518 0.399121
5 0.330796 0.563733 0.334256 0.559963 0.338818 0.557275 0.345505 0.554470 0.347978 0.551338 0.357064 0.549274 0.361910 0.548173 0.369853 0.547286 0.376265 0.548400 0.380696 0.549412 0.381390 0.553661 0.379660 0.558460 0.379925 0.564091 0.381066 0.570441 0.384128 0.573968 0.388485 0.578853 0.390123 0.584723 0.370927 0.588350 0.363205 0.592674 0.354281 0.595252 0.344019 0.594279 0.337781 0.591658 0.332522 0.587345 0.330711 0.582983 0.328466 0.577251 0.327931 0.570764 0.328651 0.566193
5 0.391037 0.544178 0.393276 0.540726 0.397022 0.537364 0.411693 0.534031 0.418597 0.532462 0.420574 0.538134 0.421445 0.542644 0.423911 0.544595 0.431046 0.543758 0.431219 0.543719 0.432969 0.544576 0.443449 0.570129 0.440139 0.573706 0.422224 0.577306 0.413564 0.582098 0.403760 0.583855 0.396978 0.582885 0.390286 0.579853 0.386713 0.576742 0.382783 0.573084 0.379862 0.567941 0.379182 0.559935 0.381773 0.552913 0.385991 0.549286 0.388336 0.547341
1 0.264396 0.647587 0.259655 0.633756 0.237584 0.637672 0.221679 0.646464 0.200702 0.650916 0.198859 0.649765 0.179251 0.594743 0.181757 0.592133 0.215834 0.581723 0.226615 0.578960 0.237661 0.576451 0.238697 0.576215 0.197961 0.459015 0.153797 0.467950 0.123615 0.473709 0.108805 0.476603 0.103242 0.473630 0.103684 0.469763 0.078820 0.398895 0.080762 0.396257 0.166946 0.371026 0.154111 0.333924 0.164467 0.331571 0.163933 0.328712 0.204899 0.316464 0.206018 0.318250 0.238382 0.308857 0.235152 0.296879 0.234874 0.296000 0.431776 0.234352 0.443336 0.244594 0.439936 0.229516 0.614747 0.179756 0.620918 0.195773 0.627956 0.198726 0.654199 0.277365 0.678801 0.287312 0.681224 0.291470 0.752978 0.513265 0.738028 0.533272 0.741776 0.545132 0.737030 0.550604 0.735477 0.550957 0.737951 0.557614 0.600733 0.583140 0.599863 0.578630 0.584363 0.581680 0.582864 0.586886 0.419184 0.619052 0.418304 0.616270
