6 0.396879 0.504309 0.169566 0.007294
6 0.451392 0.406446 0.171242 0.008470
6 0.471244 0.317462 0.162337 0.011503
8 0.523271 0.324022 0.171994 0.051108
8 0.471771 0.517774 0.171783 0.051841
8 0.358981 0.295753 0.173481 0.052884
0 0.479016 0.558104 0.847785 0.704550 0.846889 0.718250 0.851362 0.729023 0.828306 0.817423 0.823815 0.822188 0.814698 0.834265 0.436051 0.686416 0.470252 0.563279
5 0.315744 0.614701 0.353857 0.633876 0.363146 0.659679 0.345641 0.725003 0.326562 0.716241 0.312357 0.718383 0.296666 0.711754 0.290534 0.704589 0.273349 0.696959 0.282318 0.673952 0.286318 0.654002 0.291402 0.642693 0.294271 0.631704
5 0.396184 0.648083 0.426872 0.660599 0.436062 0.679116 0.436718 0.689691 0.438096 0.698945 0.433226 0.709287 0.430485 0.725499 0.422697 0.743188 0.419700 0.748954 0.405689 0.744423 0.395223 0.745183 0.374192 0.739418 0.369446 0.733737 0.349888 0.723267 0.366642 0.661327 0.392024 0.643629
7 0.392913 0.767185 0.605922 0.849416 0.613766 0.877860 0.606889 0.916569 0.376537 0.825489 0.381619 0.792935 0.388772 0.770378
7 0.631104 0.856779 0.788128 0.914817 0.813342 0.951988 0.804072 0.982151 0.632851 0.918485 0.622271 0.877239
8 0.820649 0.515612 0.174557 0.051909
7 0.758100 0.216583 0.985446 0.309126 0.974731 0.341931 0.938685 0.345817 0.729872 0.260149 0.729666 0.253346 0.737016 0.245361 0.741895 0.227249
7 0.460382 0.100876 0.745307 0.213327 0.737209 0.245941 0.718504 0.260618 0.448507 0.154125 0.448025 0.131171
4 0.157348 0.096089 0.336528 0.171734 0.346969 0.194282 0.303956 0.343585 0.111770 0.262258 0.109212 0.258322 0.149773 0.104599
1 0.253809 0.136131 0.278697 0.041493 0.304091 0.052171 0.307499 0.047850 0.372558 0.074808 0.374816 0.077510 0.454527 0.110192 0.457814 0.100902 0.745750 0.212268 0.742361 0.222019 0.746217 0.226718 0.755757 0.215011 0.984180 0.310581 0.974086 0.341338 0.953452 0.346005 0.923043 0.460914 0.939485 0.502718 0.914848 0.593468 0.923582 0.598265 0.919866 0.603966 0.914506 0.604205 0.906937 0.625424 0.914528 0.629851 0.912262 0.634542 0.904765 0.637048 0.897577 0.658390 0.902957 0.663581 0.901528 0.670022 0.893779 0.669981 0.825939 0.918560 0.800568 0.933529 0.811803 0.950968 0.803995 0.982464 0.632580 0.919630 0.628983 0.910084 0.610725 0.902207 0.604614 0.915023 0.377311 0.826225 0.379408 0.813097 0.105181 0.710602 0.112302 0.680363 0.105751 0.676766 0.092076 0.683190 0.059269 0.669128 0.092371 0.553118 0.125667 0.539233 0.146387 0.548893 0.210845 0.304517 0.110972 0.263342 0.108258 0.259013 0.148825 0.102027 0.155922 0.093968
