8 0.784166 0.434818 0.270400 0.029176
8 0.537982 0.336179 0.270753 0.029904
8 0.503105 0.447325 0.270601 0.028852
8 0.402770 0.325990 0.270698 0.027920
4 0.223455 0.213552 0.372288 0.244100 0.390032 0.267007 0.367259 0.353897 0.270495 0.335224 0.195084 0.314448 0.191618 0.309355 0.224321 0.210813
7 0.470793 0.199824 0.714728 0.254309 0.711595 0.269162 0.690068 0.289109 0.468822 0.238179 0.464430 0.219961
7 0.727507 0.255253 0.917725 0.303075 0.911280 0.323467 0.872039 0.332766 0.703195 0.291424 0.701753 0.281162
7 0.637690 0.627488 0.763634 0.656353 0.785144 0.678460 0.779383 0.696689 0.640352 0.664771 0.629358 0.642735
7 0.451153 0.584694 0.615961 0.622133 0.626518 0.643077 0.621752 0.661864 0.436225 0.617726 0.441960 0.600814
0 0.510024 0.469909 0.810756 0.536760 0.814173 0.540053 0.813985 0.542527 0.811177 0.543902 0.811265 0.546439 0.814877 0.550027 0.821054 0.553948 0.814160 0.572010 0.812163 0.574576 0.808621 0.584845 0.809722 0.588869 0.803253 0.606526 0.793748 0.605625 0.793189 0.609272 0.785838 0.611880 0.480371 0.544995 0.484951 0.531440 0.487399 0.523691 0.502279 0.474728
5 0.443439 0.520262 0.476715 0.528223 0.483025 0.538553 0.481314 0.543966 0.485507 0.548013 0.471673 0.577361 0.460271 0.575930 0.441689 0.575577 0.426010 0.568921 0.415604 0.565782 0.427434 0.529791
1 0.223449 0.563547 0.228613 0.551534 0.215114 0.548081 0.198111 0.554274 0.172079 0.547200 0.190966 0.478774 0.232537 0.472746 0.247167 0.478391 0.285004 0.338459 0.244127 0.330821 0.192663 0.313327 0.191957 0.311232 0.220590 0.214851 0.227002 0.214761 0.316282 0.232338 0.330447 0.184631 0.351291 0.189366 0.352887 0.184315 0.406913 0.196589 0.409601 0.201068 0.466323 0.212021 0.470793 0.202206 0.473635 0.198983 0.715592 0.254343 0.712026 0.267070 0.714236 0.268733 0.726372 0.254858 0.917364 0.302506 0.911548 0.320910 0.890997 0.328232 0.863478 0.400886 0.876638 0.421282 0.859480 0.472695 0.872750 0.476870 0.868746 0.479441 0.859470 0.478494 0.853272 0.491510 0.865183 0.494216 0.862819 0.500254 0.852806 0.498753 0.849271 0.509941 0.857603 0.515314 0.854077 0.520702 0.846025 0.517326 0.796352 0.651430 0.772898 0.665054 0.783089 0.678973 0.778860 0.698125 0.642111 0.666282 0.634244 0.653665 0.625539 0.650914 0.621692 0.661643 0.435202 0.616952 0.437566 0.610914
