7 0.375909 0.356639 0.493544 0.391912 0.488588 0.407594 0.475929 0.418307 0.363116 0.384451 0.365281 0.374930 0.370573 0.362185
7 0.509044 0.395425 0.649068 0.435097 0.643422 0.450934 0.611765 0.453797 0.487503 0.418227 0.486940 0.408859 0.489913 0.406546 0.489358 0.404246
7 0.271216 0.674122 0.420701 0.696525 0.432273 0.714645 0.428282 0.730315 0.264398 0.705581 0.262208 0.691225 0.267635 0.675065
7 0.433298 0.699743 0.596730 0.724894 0.623231 0.743416 0.619661 0.756737 0.438698 0.730297 0.431356 0.722107 0.433439 0.715514 0.428233 0.705635
4 0.677329 0.633298 0.739692 0.647307 0.768326 0.652997 0.804724 0.664528 0.808166 0.668842 0.787734 0.733498 0.693217 0.719362 0.686007 0.715821 0.655418 0.699088
8 0.647108 0.657328 0.270163 0.023632
8 0.575236 0.564698 0.270056 0.022437
8 0.351143 0.581872 0.270768 0.024995
0 0.362305 0.434785 0.603696 0.490987 0.607042 0.492563 0.605243 0.496230 0.603705 0.498055 0.606709 0.501726 0.605923 0.507255 0.595683 0.542702 0.592468 0.545777 0.586288 0.547090 0.588613 0.550880 0.339963 0.497376 0.336580 0.493890 0.338648 0.484304 0.344891 0.468603 0.345992 0.466135 0.348374 0.459610 0.347083 0.456600 0.352932 0.438091 0.354134 0.434287 0.359418 0.432770 0.362524 0.435106
1 0.330053 0.385455 0.351726 0.376308 0.357301 0.365239 0.365666 0.360679 0.370811 0.363022 0.375583 0.355589 0.492326 0.391512 0.491215 0.396630 0.501703 0.399466 0.508571 0.395744 0.648870 0.434712 0.648371 0.438220 0.728391 0.459117 0.776422 0.471689 0.772407 0.484961 0.793337 0.490773 0.812607 0.490021 0.828236 0.494628 0.829738 0.496629 0.816602 0.544949 0.813268 0.547059 0.771041 0.541655 0.757765 0.538639 0.752645 0.557092 0.727725 0.644392 0.771428 0.653567 0.805057 0.664226 0.808515 0.668481 0.787508 0.734958 0.704576 0.722152 0.694009 0.758402 0.684660 0.757033 0.683903 0.759426 0.647191 0.752896 0.645810 0.751073 0.621710 0.747408 0.619560 0.757030 0.494342 0.738752 0.438787 0.730807 0.435989 0.728965 0.431406 0.722642 0.428705 0.730630 0.351571 0.718990 0.263966 0.704719 0.264680 0.694016 0.256693 0.684959 0.258746 0.673957 0.278429 0.613360 0.265221 0.594365 0.279217 0.548163 0.294231 0.501215 0.307074 0.460010 0.323630 0.404806 0.329250 0.385897
