6 0.675466 0.467645 0.012182 0.278394
6 0.550389 0.393519 0.011810 0.271678
6 0.687440 0.357210 0.014609 0.271502
8 0.784248 0.320586 0.029165 0.307159
8 0.483187 0.532803 0.031032 0.309668
8 0.447390 0.333542 0.031020 0.309817
8 0.291577 0.408822 0.030608 0.309687
7 0.299780 0.178521 0.593498 0.102128 0.599277 0.136640 0.588690 0.161893 0.313232 0.232335 0.301333 0.214354
7 0.607261 0.098395 0.843356 0.043599 0.846487 0.078058 0.815772 0.102544 0.600609 0.156214 0.595400 0.149713 0.598899 0.134939 0.595131 0.117967
7 0.760787 0.728047 0.921602 0.687406 0.958078 0.702440 0.962400 0.733785 0.788919 0.783525 0.761519 0.755096 0.757255 0.734191
7 0.519738 0.798270 0.736666 0.739832 0.757426 0.760404 0.764704 0.794886 0.527663 0.855177 0.518303 0.823187 0.515513 0.800442
5 0.391638 0.712743 0.428744 0.703472 0.448750 0.720649 0.458311 0.785771 0.440743 0.791453 0.434119 0.797233 0.419130 0.804355 0.405377 0.805165 0.403380 0.801263 0.388718 0.806460 0.383092 0.782812 0.379846 0.771584 0.376310 0.752263 0.376012 0.737352 0.388758 0.715039
5 0.468794 0.687092 0.503008 0.681360 0.521441 0.698039 0.525241 0.706108 0.525689 0.715666 0.530761 0.724941 0.530652 0.739531 0.531016 0.748711 0.531677 0.762243 0.520538 0.767867 0.506428 0.779707 0.484305 0.779585 0.463417 0.783511 0.451390 0.720290 0.466418 0.689960
0 0.503772 0.566429 0.881615 0.465241 0.888500 0.467172 0.887470 0.479981 0.898645 0.485723 0.917358 0.575835 0.910696 0.582668 0.911781 0.595312 0.899792 0.603348 0.521720 0.699631 0.500290 0.574013
4 0.039843 0.357850 0.222632 0.316387 0.241048 0.326908 0.266383 0.480542 0.103121 0.522163 0.062015 0.530161 0.032967 0.364193
1 0.120938 0.235300 0.142500 0.230662 0.145814 0.225801 0.214988 0.209492 0.299584 0.191984 0.297344 0.179067 0.593836 0.103639 0.595877 0.112830 0.604375 0.100230 0.842386 0.044473 0.845037 0.076202 0.832482 0.093145 0.850969 0.215997 0.879182 0.235670 0.897246 0.328346 0.906542 0.330644 0.904285 0.337437 0.901883 0.354886 0.911420 0.363927 0.904793 0.373648 0.907117 0.392600 0.917083 0.400744 0.913854 0.411641 0.955474 0.661309 0.940632 0.693391 0.958566 0.703505 0.962074 0.733442 0.791180 0.783407 0.779572 0.773521 0.761892 0.781512 0.764560 0.793532 0.529333 0.858998 0.524594 0.846132 0.244355 0.920851 0.240962 0.888604 0.231551 0.888617 0.222081 0.905320 0.186594 0.912250 0.170649 0.792366 0.191074 0.759994 0.214694 0.756144 0.168110 0.506728 0.060966 0.530156 0.031690 0.361534 0.035789 0.360209 0.134081 0.333725
