4 0.424338 0.305110 0.421893 0.302343 0.270206 0.268885 0.266705 0.271708 0.242411 0.365099 0.245241 0.368154 0.399852 0.399864
8 0.564039 0.366904 0.577641 0.369994 0.569960 0.393557 0.556080 0.390602
8 0.434885 0.358109 0.449487 0.361167 0.442297 0.384886 0.427696 0.381827
1 0.361928 0.228984 0.511997 0.264854 0.514252 0.259243 0.738039 0.311719 0.738272 0.317080 0.741868 0.317897 0.746338 0.314421 0.911273 0.358018 0.903819 0.375511 0.874927 0.375478 0.854440 0.435734 0.866102 0.456753 0.852104 0.495950 0.853674 0.499703 0.852267 0.502567 0.870138 0.507051 0.869899 0.510182 0.868355 0.511105 0.851295 0.506766 0.849514 0.510448 0.847866 0.511750 0.847001 0.514488 0.848469 0.514926 0.847257 0.519156 0.864983 0.523708 0.864588 0.526132 0.862909 0.527532 0.859901 0.527268 0.846412 0.523784 0.844325 0.525301 0.841938 0.527378 0.842297 0.529765 0.841858 0.532718 0.841054 0.535261 0.858442 0.540887 0.857777 0.543775 0.855735 0.545931 0.840540 0.540802 0.837862 0.541451 0.836614 0.543054 0.835365 0.544656 0.820585 0.589146 0.794635 0.660668 0.776097 0.670484 0.796363 0.685806 0.791170 0.701648 0.672656 0.683548 0.662281 0.670474 0.659411 0.670137 0.658440 0.670883 0.654282 0.682862 0.484895 0.653993 0.482518 0.639740 0.265644 0.605282 0.268621 0.593508 0.267500 0.592937 0.260349 0.602030 0.232433 0.596792 0.253007 0.529429 0.270497 0.515278 0.286524 0.518117 0.321253 0.383500 0.242866 0.367897 0.243057 0.362778 0.248731 0.339606 0.266987 0.271882 0.270803 0.268813 0.345799 0.286105
8 0.530775 0.472873 0.524149 0.494338 0.540199 0.497984 0.546499 0.475978
0 0.538009 0.500942 0.790540 0.551663 0.815961 0.562027 0.818316 0.564856 0.817017 0.566397 0.811713 0.565192 0.811086 0.568032 0.820559 0.576608 0.815570 0.591536 0.811746 0.592502 0.807976 0.603576 0.810127 0.607047 0.805225 0.620847 0.799565 0.621626 0.796326 0.625019 0.790174 0.628211 0.522298 0.577216 0.520318 0.571488 0.521260 0.559084
5 0.476881 0.561354 0.484787 0.559420 0.495221 0.559803 0.504727 0.563122 0.508420 0.566280 0.513096 0.570656 0.517014 0.578669 0.517603 0.583606 0.518170 0.587379 0.517181 0.591130 0.515983 0.596158 0.513996 0.599351 0.511792 0.601997 0.509173 0.604716 0.505755 0.606258 0.501241 0.607551 0.497542 0.609361 0.493006 0.609490 0.484190 0.608315 0.477518 0.605309 0.474128 0.603047 0.471929 0.600726 0.468517 0.597301 0.467012 0.594639 0.465653 0.591515 0.464612 0.588628 0.464702 0.584011 0.464344 0.578960 0.465542 0.573932 0.467896 0.568338 0.471012 0.565898 0.475187 0.563202
5 0.424667 0.549773 0.430310 0.548628 0.436228 0.549448 0.440646 0.550452 0.445243 0.552194 0.449428 0.555240 0.451627 0.558706 0.454224 0.561564 0.456728 0.566670 0.458938 0.572057 0.459381 0.576520 0.458465 0.581372 0.457024 0.585931 0.455176 0.589175 0.452174 0.592157 0.448789 0.595053 0.445032 0.597166 0.439791 0.598767 0.435383 0.599684 0.430938 0.600071 0.425314 0.598967 0.418643 0.597277 0.414251 0.594883 0.409401 0.591339 0.406433 0.587698 0.403675 0.580789 0.403387 0.575839 0.404199 0.571312 0.405732 0.564506 0.407018 0.560436 0.411584 0.556413 0.415265 0.553236 0.418482 0.551524
8 0.784724 0.454759 0.777269 0.476607 0.790862 0.479433 0.797947 0.457013
7 0.514242 0.259655 0.505135 0.269469 0.500458 0.288495 0.706286 0.337239 0.733617 0.330999 0.738356 0.312836
7 0.738250 0.317344 0.742211 0.317842 0.746354 0.314754 0.911046 0.357409 0.904014 0.375150 0.871948 0.375384 0.867573 0.375196 0.714614 0.337490 0.714617 0.335476 0.733888 0.331126
7 0.478812 0.626594 0.485551 0.654185 0.654746 0.682415 0.660474 0.665429 0.640621 0.642935 0.486330 0.615289 0.482479 0.616394
7 0.656820 0.645107 0.653010 0.656678 0.660526 0.665770 0.660294 0.668438 0.672860 0.682822 0.790833 0.701593 0.796045 0.686066 0.769126 0.664405
