1 0.181500 0.441737 0.201891 0.505389 0.115838 0.524470 0.144938 0.614801 0.232166 0.595924 0.271747 0.722933 0.253493 0.726609 0.231890 0.751282 0.252639 0.815184 0.278933 0.810622 0.284956 0.799842 0.294272 0.797725 0.300959 0.813618 0.508297 0.769334 0.510872 0.777307 0.693911 0.739249 0.690704 0.729101 0.707774 0.726105 0.710373 0.734332 0.851214 0.705273 0.843699 0.679351 0.858581 0.656276 0.788353 0.421981 0.761771 0.408034 0.737968 0.325035 0.724140 0.319653
4 0.114511 0.524059 0.279755 0.488621 0.306054 0.569650 0.286869 0.584590 0.145728 0.614894
8 0.310041 0.523335 0.324586 0.520025 0.332039 0.543610 0.318226 0.547042
8 0.431805 0.476942 0.445287 0.474378 0.453126 0.496994 0.438083 0.499824
8 0.464511 0.585922 0.478133 0.582704 0.485413 0.605741 0.471749 0.608551
8 0.699222 0.460148 0.712433 0.457736 0.720535 0.481117 0.706598 0.483678
0 0.487403 0.616820 0.780934 0.548207 0.795208 0.555416 0.815531 0.625885 0.506740 0.691091
7 0.507383 0.761723 0.507682 0.739487 0.680052 0.703018 0.688895 0.721727 0.692903 0.739048 0.512042 0.777239 0.507444 0.761916
7 0.710388 0.732941 0.706320 0.715433 0.698106 0.699482 0.829050 0.671804 0.845212 0.687399 0.851059 0.705131
7 0.551393 0.365408 0.734963 0.325998 0.737898 0.325726 0.743552 0.344353 0.555733 0.384659
7 0.313876 0.418140 0.542567 0.368183 0.547745 0.387510 0.320031 0.436880
5 0.406701 0.694902 0.426275 0.692156 0.438630 0.692876 0.449398 0.699541 0.453764 0.706779 0.461737 0.732010 0.458834 0.737078 0.450406 0.737818 0.439399 0.743552 0.425568 0.750221 0.407365 0.745245 0.399482 0.736748 0.397270 0.727551 0.397359 0.715774 0.400191 0.707194 0.403653 0.701705
5 0.462198 0.684130 0.470926 0.679954 0.488492 0.677433 0.496188 0.676566 0.503676 0.681625 0.505409 0.687110 0.510266 0.690416 0.513228 0.696503 0.520145 0.721679 0.516785 0.724206 0.507521 0.727780 0.495544 0.733735 0.475471 0.732711 0.465789 0.731677 0.463433 0.727509 0.458437 0.717181 0.457564 0.710031 0.458290 0.705751 0.456297 0.699444 0.457882 0.693499
