1 0.331969 0.190099 0.320762 0.229017 0.234756 0.215867 0.233379 0.219342 0.213174 0.285046 0.217577 0.290544 0.297811 0.307826 0.266897 0.418902 0.252783 0.414986 0.207145 0.411008 0.205005 0.413362 0.193127 0.461550 0.194842 0.464070 0.210190 0.468504 0.231448 0.468363 0.252456 0.474319 0.249678 0.485759 0.370766 0.523921 0.370189 0.526630 0.510261 0.571204 0.521114 0.567756 0.528184 0.569658 0.526362 0.577079 0.648060 0.615668 0.654187 0.609521 0.663340 0.611453 0.668539 0.608790 0.674153 0.597648 0.698982 0.588062 0.777777 0.365746 0.764332 0.345395 0.790771 0.266694 0.786043 0.257932 0.781445 0.257035 0.780420 0.244828 0.604327 0.216499 0.600637 0.225418 0.593326 0.217104 0.405291 0.190349 0.402737 0.193464 0.402077 0.199967 0.379030 0.196209 0.377177 0.194901 0.340411 0.188765 0.339376 0.191487
7 0.404358 0.189742 0.401165 0.206027 0.418225 0.220506 0.424125 0.223192 0.603748 0.250875 0.606758 0.244490 0.598474 0.233015 0.600337 0.225864 0.593201 0.217485
7 0.604356 0.217006 0.598976 0.233667 0.610892 0.250759 0.776754 0.277946 0.782346 0.262791 0.779939 0.244653
7 0.551105 0.553695 0.532558 0.560792 0.526678 0.577052 0.648030 0.615778 0.654945 0.608551 0.664242 0.588512
7 0.530607 0.562863 0.510028 0.571698 0.369525 0.526737 0.374145 0.512705 0.404191 0.510262 0.535100 0.548645
0 0.686054 0.469900 0.696043 0.472618 0.695677 0.475451 0.687065 0.500190 0.683755 0.501457 0.680152 0.511182 0.682881 0.514269 0.675870 0.536455 0.669760 0.538208 0.414388 0.471439 0.415843 0.466835 0.414120 0.463078 0.412048 0.461261 0.425048 0.418452 0.427781 0.418175 0.432422 0.418557 0.432837 0.416408 0.435438 0.416550 0.436478 0.414094 0.432859 0.412150 0.433785 0.409220
4 0.235716 0.215728 0.327153 0.230351 0.366442 0.250095 0.368646 0.254201 0.349626 0.320724 0.295837 0.308079 0.217308 0.289813 0.213999 0.285243 0.233566 0.217784
8 0.474342 0.287638 0.485305 0.290292 0.478907 0.311149 0.467764 0.308454
8 0.445652 0.383321 0.455893 0.385813 0.449847 0.404945 0.439474 0.402260
8 0.374020 0.285515 0.383899 0.287923 0.378359 0.306679 0.369105 0.304740 0.368313 0.303576
8 0.681622 0.366124 0.694614 0.368918 0.687226 0.391710 0.673764 0.388651
