1 0.414238 0.307808 0.412838 0.313368 0.369994 0.297357 0.367362 0.297593 0.347313 0.349055 0.346383 0.351309 0.350269 0.384521 0.351936 0.386693 0.382601 0.398031 0.353544 0.481177 0.350250 0.479725 0.349039 0.468489 0.348433 0.467475 0.341117 0.464094 0.334738 0.461501 0.333181 0.461913 0.313591 0.508587 0.313316 0.510720 0.319433 0.537484 0.320711 0.538299 0.331703 0.542678 0.323051 0.565431 0.323659 0.568583 0.654966 0.689027 0.659352 0.685974 0.661675 0.683420 0.662747 0.673481 0.672787 0.666707 0.677560 0.662872 0.694909 0.534915 0.698394 0.530919 0.699112 0.528680 0.698936 0.527308 0.698087 0.526136 0.697137 0.526329 0.695988 0.526787 0.696743 0.521929 0.700676 0.517499 0.701306 0.515643 0.700878 0.514767 0.699899 0.513553 0.698811 0.513127 0.698004 0.513612 0.698773 0.507771 0.701760 0.504440 0.702503 0.502702 0.702882 0.501341 0.702463 0.499811 0.701605 0.499293 0.699983 0.499685 0.699688 0.499756 0.701595 0.487368 0.692345 0.471947 0.692552 0.468888 0.699862 0.417674 0.708824 0.405215 0.710534 0.395231 0.709950 0.393814 0.707072 0.392986 0.616690 0.358004 0.615831 0.358719 0.605975 0.380022 0.603682 0.379380 0.608737 0.367247 0.609612 0.364317 0.611245 0.357434 0.610756 0.356211 0.493590 0.311852 0.492775 0.311759 0.492106 0.312863 0.491544 0.315645 0.489491 0.322231 0.487175 0.335805 0.480097 0.332910 0.480077 0.330848 0.479689 0.329492 0.478623 0.328662 0.477868 0.328916 0.477160 0.330501 0.476851 0.331555 0.453598 0.322559 0.454128 0.317464 0.445695 0.314387 0.445384 0.313302 0.435021 0.309533 0.434396 0.309829 0.426586 0.306784 0.425206 0.311939
4 0.369841 0.297336 0.367452 0.297547 0.346509 0.350590 0.346282 0.352107 0.350477 0.384922 0.351648 0.386466 0.423348 0.413760 0.426146 0.412780 0.442321 0.362166 0.445404 0.327715 0.444327 0.326270 0.442970 0.325289
7 0.493941 0.311953 0.492686 0.311625 0.492116 0.312605 0.489782 0.322374 0.485726 0.344564 0.486589 0.344837 0.488998 0.332702 0.490114 0.332373 0.491329 0.333644 0.491679 0.335665 0.489728 0.347057 0.492458 0.348534 0.493714 0.351660 0.496011 0.350203 0.497857 0.349968 0.498482 0.347982 0.498679 0.345588 0.500449 0.338301 0.501267 0.336990 0.501965 0.336823 0.502587 0.337064 0.503074 0.338060 0.503000 0.339544 0.501291 0.351370 0.503779 0.352821 0.504640 0.354822 0.504024 0.357863 0.598376 0.392655 0.609046 0.367175 0.611153 0.357070 0.610621 0.356104
7 0.616740 0.358132 0.615822 0.358674 0.604800 0.382729 0.604122 0.385326 0.602630 0.394225 0.693066 0.427709 0.708651 0.405513 0.710455 0.396401 0.711178 0.395744 0.711187 0.395122 0.710860 0.394811 0.710485 0.394328 0.710219 0.394139
7 0.674946 0.653076 0.672496 0.667009 0.656052 0.678580 0.577450 0.648859 0.579410 0.635332 0.591231 0.621738 0.593069 0.622038
7 0.579400 0.618473 0.576043 0.633803 0.565247 0.645680 0.460512 0.606762 0.464672 0.590362 0.468826 0.577561
5 0.487259 0.546684 0.487383 0.551137 0.486957 0.553603 0.485414 0.558632 0.484080 0.562150 0.483813 0.563327 0.484257 0.564019 0.482409 0.570685 0.479644 0.580214 0.478907 0.581399 0.468962 0.577546 0.468278 0.579379 0.464361 0.577510 0.463855 0.576798 0.460768 0.575980 0.459421 0.576027 0.446492 0.571782 0.446081 0.570943 0.447062 0.566918 0.449608 0.556296 0.450194 0.555772 0.453031 0.545635 0.453981 0.542626 0.455467 0.540495 0.457214 0.537627 0.459434 0.534834 0.461798 0.532874 0.464665 0.531270 0.468246 0.530384 0.471483 0.530275 0.475163 0.531340 0.478902 0.533064 0.482896 0.536787 0.485441 0.540644 0.486763 0.544557
5 0.435796 0.517217 0.439620 0.518563 0.442889 0.520557 0.445485 0.522957 0.447786 0.526909 0.449210 0.532163 0.449777 0.536322 0.449506 0.540079 0.450857 0.541810 0.443118 0.569487 0.442002 0.570301 0.430966 0.566400 0.429277 0.565385 0.427371 0.564303 0.424578 0.563282 0.423547 0.562957 0.422534 0.563322 0.410245 0.559300 0.410077 0.557737 0.410376 0.554881 0.413486 0.543238 0.414776 0.541656 0.415542 0.538536 0.416160 0.532487 0.416618 0.529956 0.417388 0.527592 0.418856 0.524968 0.420473 0.522460 0.422244 0.520550 0.425101 0.518983 0.428761 0.517464 0.432094 0.516871
0 0.502943 0.491258 0.502059 0.493260 0.500821 0.496502 0.489949 0.539960 0.489293 0.541273 0.488917 0.542929 0.488602 0.546209 0.487381 0.550639 0.487075 0.553247 0.659451 0.616669 0.667146 0.611852 0.668654 0.610056 0.670162 0.608261 0.671042 0.606807 0.669890 0.606227 0.670125 0.600350 0.671460 0.600123 0.674108 0.593967 0.676248 0.581550 0.675326 0.580414 0.676842 0.571219 0.677759 0.569229 0.679863 0.556970 0.679061 0.555619 0.678088 0.554551 0.676443 0.552975 0.673492 0.551325 0.506258 0.489162 0.504054 0.490088
8 0.650519 0.480163 0.647326 0.496771 0.654719 0.499382 0.655283 0.497921 0.658164 0.483195 0.657362 0.482395
8 0.518201 0.402586 0.525155 0.405192 0.521290 0.420689 0.519978 0.420886 0.514285 0.418814 0.514377 0.417144
8 0.498257 0.476202 0.505709 0.478898 0.502412 0.492399 0.501130 0.495256 0.500448 0.495720 0.494394 0.493466 0.493998 0.491914
8 0.445083 0.388682 0.440972 0.403406 0.441639 0.405149 0.447725 0.407212 0.448714 0.405714 0.452991 0.391042 0.451747 0.390022 0.446572 0.388107
2 0.468744 0.396645 0.474169 0.395626 0.482731 0.396635 0.489481 0.398581 0.497547 0.402828 0.501803 0.407662 0.502210 0.413259 0.501750 0.425842 0.502804 0.430701 0.498461 0.437154 0.495640 0.439373 0.491659 0.442829 0.489037 0.444169 0.480108 0.442666 0.475222 0.441310 0.455753 0.434495 0.451809 0.430042 0.449701 0.420324 0.452416 0.415054 0.455793 0.409333 0.458232 0.402467 0.460612 0.398317 0.465114 0.396440
