6 0.599550 0.371109 0.012323 0.271825
6 0.539351 0.395607 0.010970 0.272407
6 0.512921 0.391365 0.011530 0.272126
6 0.517540 0.521806 0.005984 0.282044
8 0.446792 0.333790 0.030341 0.310190
8 0.481771 0.532713 0.031891 0.307976
8 0.290990 0.410099 0.030942 0.309942
8 0.785420 0.320148 0.030637 0.309225
0 0.501825 0.563292 0.887541 0.467776 0.889430 0.480402 0.894096 0.484959 0.898876 0.490032 0.917131 0.578437 0.910011 0.589565 0.912326 0.602053 0.519366 0.699911
5 0.464019 0.691293 0.512502 0.679277 0.522176 0.689936 0.522642 0.700265 0.528928 0.705953 0.528604 0.720949 0.532052 0.730312 0.532694 0.745547 0.533398 0.765174 0.520500 0.768794 0.512497 0.778001 0.491587 0.782557 0.484479 0.779341 0.463455 0.783383 0.450682 0.719677
5 0.391955 0.713189 0.426655 0.702438 0.446276 0.718721 0.458152 0.782768 0.457404 0.788195 0.440233 0.789978 0.424702 0.804429 0.402450 0.802669 0.386761 0.805857 0.382554 0.779874 0.380015 0.768437 0.378907 0.754652 0.378854 0.750898 0.375978 0.741457
4 0.036496 0.358361 0.221447 0.312217 0.241654 0.331140 0.266840 0.483284 0.062115 0.528280 0.032159 0.368721
7 0.299093 0.177686 0.593470 0.104552 0.598541 0.138181 0.589811 0.163554 0.309757 0.232735 0.304073 0.211445
7 0.604704 0.101240 0.842084 0.043644 0.846294 0.079865 0.814118 0.105304 0.598424 0.155983 0.595232 0.152389 0.597511 0.138932 0.594987 0.118934
7 0.757074 0.730990 0.917381 0.686925 0.958212 0.702629 0.962717 0.735864 0.787684 0.782065 0.759678 0.752962
7 0.519856 0.794707 0.735033 0.739538 0.756655 0.761454 0.762740 0.795334 0.527989 0.855067 0.517165 0.819251 0.514936 0.796266
1 0.135102 0.334023 0.119499 0.235696 0.143327 0.230881 0.146748 0.226883 0.215040 0.208844 0.300132 0.188840 0.297617 0.177512 0.594020 0.105357 0.596207 0.117369 0.606615 0.099548 0.841071 0.042802 0.843582 0.077837 0.829242 0.095196 0.852429 0.212586 0.880818 0.236940 0.896860 0.328455 0.903953 0.330209 0.906545 0.331104 0.905956 0.337077 0.898809 0.339389 0.904285 0.361901 0.912925 0.361998 0.912543 0.366747 0.907661 0.370639 0.910817 0.395637 0.919521 0.400338 0.917232 0.405126 0.913037 0.409952 0.955942 0.659298 0.939060 0.695402 0.959683 0.702031 0.963295 0.735554 0.788740 0.783913 0.780124 0.777449 0.762103 0.780386 0.764203 0.794162 0.527388 0.856297 0.523948 0.842954 0.246198 0.921219 0.238087 0.886838 0.231386 0.889005 0.220564 0.909273 0.185384 0.912556 0.169727 0.788105 0.190431 0.760594 0.215479 0.754806 0.168528 0.508802 0.060796 0.530346 0.030271 0.369119 0.036189 0.359110
