1 0.387088 0.199560 0.383578 0.198289 0.380976 0.199127 0.379153 0.200369 0.377772 0.201434 0.372956 0.214379 0.354136 0.227324 0.352623 0.231035 0.301455 0.477211 0.313517 0.499217 0.296252 0.581498 0.301324 0.592391 0.303255 0.593518 0.303253 0.602678 0.304796 0.604069 0.306082 0.603702 0.438651 0.632947 0.439572 0.631495 0.441175 0.623459 0.442223 0.624052 0.446646 0.631901 0.450694 0.633268 0.594086 0.667176 0.594370 0.666706 0.596205 0.658887 0.627523 0.666757 0.629751 0.666342 0.639867 0.668560 0.639161 0.669317 0.656627 0.672879 0.666969 0.630997 0.674480 0.632672 0.676425 0.632727 0.732980 0.647036 0.734330 0.645013 0.735069 0.643846 0.753192 0.573695 0.754140 0.571614 0.753657 0.570342 0.753311 0.569252 0.751981 0.567012 0.689401 0.548138 0.687655 0.547346 0.718669 0.422370 0.720269 0.422504 0.736303 0.428131 0.738809 0.429607 0.739824 0.429307 0.740929 0.427918 0.742540 0.428241 0.742342 0.429109 0.744879 0.429290 0.747005 0.428038 0.766236 0.430706 0.767602 0.429089 0.768535 0.426838 0.782361 0.371981 0.782140 0.370173 0.781405 0.369009 0.769313 0.363634 0.767774 0.363458 0.753120 0.364040 0.751759 0.363548 0.734648 0.356648 0.738201 0.342623 0.628755 0.298306 0.630598 0.291903 0.629054 0.291654 0.509129 0.240633 0.507754 0.240965 0.499970 0.245999 0.491902 0.242426 0.493359 0.236329 0.492843 0.235740 0.391253 0.193284 0.389516 0.193637 0.388226 0.195109 0.387510 0.197138
7 0.391220 0.193226 0.389736 0.193619 0.388665 0.194534 0.388030 0.196449 0.387338 0.199208 0.386005 0.200981 0.383466 0.206605 0.379479 0.225328 0.475942 0.264131 0.488589 0.255825 0.493270 0.236381 0.492395 0.235556
7 0.493152 0.250954 0.507611 0.240581 0.510226 0.240933 0.629909 0.291882 0.630640 0.291879 0.625691 0.309863 0.602408 0.313826 0.489668 0.268105 0.489689 0.266651
7 0.579013 0.632225 0.598088 0.651192 0.594057 0.666907 0.446639 0.631996 0.441344 0.623192 0.443697 0.617195 0.443010 0.614571 0.441029 0.611744 0.438421 0.607824 0.440342 0.598595
7 0.432800 0.598057 0.443051 0.615132 0.443680 0.617268 0.442236 0.620270 0.441348 0.621857 0.439360 0.632158 0.438400 0.633030 0.306253 0.603471 0.304826 0.603419 0.303331 0.602547 0.302755 0.586090 0.306725 0.568608
5 0.587539 0.325163 0.592808 0.324198 0.603674 0.328329 0.603714 0.329889 0.605488 0.330450 0.611773 0.329342 0.615185 0.329337 0.619427 0.330292 0.623175 0.332560 0.625669 0.335438 0.627736 0.338180 0.629820 0.342862 0.631060 0.347510 0.631271 0.352065 0.630758 0.355771 0.630032 0.359256 0.628641 0.363072 0.626621 0.366767 0.623761 0.370118 0.620041 0.373507 0.616477 0.374470 0.613090 0.374946 0.611241 0.375290 0.606782 0.378755 0.602632 0.378836 0.601841 0.378277 0.596493 0.376122 0.592244 0.373463 0.589865 0.372079 0.587331 0.370563 0.587641 0.368695 0.588607 0.366945 0.589756 0.366057 0.590785 0.364192 0.590824 0.362686 0.589288 0.362111 0.588115 0.361606 0.588378 0.360616 0.587589 0.359920 0.587089 0.360120 0.580256 0.357691 0.579956 0.355675 0.581054 0.351509 0.581374 0.352102 0.584894 0.337933 0.584040 0.339361 0.583587 0.339352 0.587139 0.325551
5 0.628414 0.338947 0.630462 0.338692 0.637352 0.341547 0.640244 0.343139 0.640540 0.344361 0.641758 0.345062 0.646324 0.344338 0.651908 0.343846 0.655443 0.344964 0.657878 0.345869 0.661213 0.348368 0.663257 0.350324 0.665736 0.355080 0.666595 0.358377 0.667303 0.362167 0.667611 0.365696 0.667565 0.368934 0.667142 0.370967 0.666465 0.373778 0.665624 0.376808 0.664516 0.379664 0.661569 0.383202 0.658454 0.385965 0.656892 0.386780 0.654488 0.388097 0.651754 0.388678 0.647624 0.388998 0.642518 0.392440 0.640511 0.392348 0.639623 0.392383 0.638768 0.392609 0.634414 0.391729 0.633956 0.390546 0.633475 0.389627 0.630305 0.388760 0.621451 0.385961 0.617216 0.374779 0.620971 0.373076 0.622703 0.371682 0.623481 0.370619 0.626217 0.367330 0.628180 0.364248 0.629732 0.360450 0.630377 0.357945 0.631126 0.354479 0.631341 0.351341 0.631213 0.348366 0.630232 0.344263 0.629493 0.341953 0.628412 0.339805 0.628075 0.338930
4 0.647251 0.532506 0.644638 0.532905 0.643708 0.534712 0.626904 0.605113 0.628627 0.608634 0.654378 0.627541 0.733225 0.646866 0.735037 0.644113 0.753393 0.573414 0.753968 0.570882 0.753221 0.569596 0.751904 0.566904 0.687673 0.547561 0.678722 0.543855 0.671126 0.540404 0.662479 0.537320
8 0.562473 0.437133 0.571168 0.439798 0.566234 0.461524 0.557871 0.458963
8 0.619957 0.545714 0.628597 0.548352 0.623702 0.568514 0.615272 0.566688
8 0.537974 0.540246 0.547197 0.543162 0.542069 0.564340 0.533219 0.561467
8 0.371498 0.452268 0.383049 0.457252 0.374837 0.480790 0.363567 0.476100
0 0.580439 0.357824 0.587309 0.360373 0.587605 0.359949 0.588407 0.360626 0.588195 0.361734 0.590923 0.362878 0.590652 0.364249 0.590142 0.365263 0.589084 0.365540 0.588053 0.365167 0.587285 0.367321 0.587530 0.367821 0.587129 0.369763 0.587507 0.370728 0.593559 0.374428 0.593392 0.374986 0.593292 0.375424 0.593381 0.375735 0.593140 0.376269 0.590893 0.378097 0.590679 0.378687 0.590894 0.379319 0.591162 0.379545 0.585810 0.402059 0.585269 0.402687 0.585511 0.403374 0.585711 0.403720 0.581491 0.420199 0.579046 0.423421 0.574935 0.422403 0.574195 0.426541 0.575262 0.426925 0.575547 0.427250 0.575840 0.427014 0.576385 0.427421 0.576567 0.428372 0.575572 0.430125 0.575136 0.431867 0.574553 0.432153 0.574251 0.432433 0.571552 0.431862 0.571184 0.432780 0.359834 0.361818 0.358493 0.360310 0.357861 0.358033 0.358457 0.352712 0.362256 0.335146 0.366656 0.327384 0.369138 0.313952 0.368343 0.307661 0.371596 0.291971 0.374690 0.291316 0.374936 0.288955 0.373586 0.288071 0.373788 0.285225 0.376127 0.283195 0.379997 0.283726 0.383779 0.284644
3 0.505552 0.433260 0.506364 0.432584 0.514883 0.431933 0.519422 0.431969 0.518527 0.433008 0.515624 0.433023 0.517043 0.436349 0.517691 0.453634 0.517644 0.456938 0.517776 0.460229 0.517217 0.460882 0.515804 0.437690 0.514560 0.435430 0.513796 0.434152 0.512601 0.433221 0.512109 0.433066 0.505516 0.434231 0.505341 0.433968
3 0.624363 0.504103 0.643207 0.504382 0.643656 0.504929 0.639681 0.505025 0.634155 0.504630 0.625603 0.504698 0.624098 0.504763
3 0.686426 0.521830 0.688624 0.527861 0.688893 0.530436 0.689632 0.532270 0.688991 0.529340 0.688987 0.527145 0.688683 0.525389 0.686789 0.521115
3 0.621201 0.420633 0.620380 0.421583 0.617841 0.424352 0.615907 0.426103 0.614640 0.426966 0.617934 0.427018 0.622731 0.425787 0.627700 0.423183 0.629109 0.422309 0.629072 0.421858 0.628043 0.422082 0.626654 0.423072 0.622877 0.424735 0.619642 0.425855 0.617292 0.426156 0.618438 0.424595 0.621080 0.422189 0.622067 0.421127 0.621850 0.420234
3 0.554331 0.526237 0.553470 0.527209 0.552379 0.528198 0.551063 0.529515 0.550596 0.530079 0.549703 0.529530 0.549580 0.528913 0.550899 0.528575 0.552401 0.527271 0.552688 0.526340 0.553337 0.525967
3 0.549249 0.528542 0.548661 0.528311 0.548955 0.527515 0.549713 0.526999 0.550118 0.527039 0.550642 0.526226 0.551411 0.525492 0.551614 0.526090 0.551028 0.527015 0.550771 0.527645 0.550513 0.528452 0.550102 0.528767 0.549951 0.528275 0.549672 0.528009 0.549364 0.528534
3 0.548105 0.527113 0.547770 0.526430 0.548117 0.526228 0.548695 0.527167 0.548493 0.527725
3 0.547057 0.525093 0.546516 0.524655 0.546118 0.524085 0.546168 0.523701 0.545296 0.523559 0.545166 0.523962 0.545267 0.524349 0.544451 0.524625 0.544753 0.525120 0.545960 0.525280 0.546304 0.525922 0.546777 0.526160 0.547089 0.525281 0.547143 0.525209
3 0.545277 0.526130 0.545109 0.525544 0.544783 0.525485 0.544172 0.525025 0.543579 0.524483 0.543298 0.524394 0.542893 0.523688 0.542408 0.523668 0.542672 0.524329 0.542505 0.524899 0.542540 0.525576 0.542345 0.526270 0.542869 0.526614 0.543633 0.526900 0.544193 0.527254 0.543713 0.526214 0.543730 0.525641 0.544316 0.526049 0.544578 0.526221 0.544942 0.526113 0.545119 0.526658
3 0.336812 0.520913 0.349982 0.512766 0.357828 0.505956 0.351550 0.512797 0.351022 0.514256 0.366694 0.508526 0.374940 0.506023 0.375227 0.506927 0.352171 0.516129 0.350142 0.517695 0.339285 0.522159
3 0.489054 0.449001 0.482200 0.446013 0.476645 0.444189 0.468064 0.441408 0.463454 0.440019 0.462558 0.441923 0.463313 0.443188 0.472228 0.444502 0.481049 0.446744
3 0.481750 0.456626 0.479256 0.456178 0.474545 0.453962 0.470367 0.451393 0.467917 0.450551 0.460402 0.446814 0.456443 0.444882 0.454211 0.442646 0.451118 0.440392 0.447037 0.438676 0.446243 0.438680 0.458904 0.451190 0.462215 0.454703 0.457946 0.453184 0.443857 0.437756 0.436118 0.434374 0.429872 0.431718 0.425840 0.430103 0.425110 0.429192 0.428457 0.429059 0.436467 0.431251 0.436360 0.430452 0.425401 0.420607 0.425061 0.419564 0.425542 0.419036 0.426733 0.420773 0.430476 0.423658 0.433658 0.426791 0.437208 0.430209 0.440516 0.432787 0.444635 0.436556 0.449867 0.439231 0.452074 0.439673 0.454352 0.441074 0.456206 0.443702 0.459389 0.445559 0.463829 0.446962 0.468103 0.448143 0.471344 0.450699 0.476662 0.453316 0.480867 0.455751
3 0.421145 0.438899 0.418318 0.440376 0.414083 0.442737 0.407640 0.448098 0.405484 0.448744 0.406523 0.449832 0.407913 0.450082 0.407127 0.451066 0.405020 0.452202 0.404688 0.454373 0.407243 0.454802 0.407551 0.456986 0.408816 0.458145 0.411589 0.451244 0.415826 0.446038 0.419260 0.442951 0.422320 0.439744 0.421696 0.438598
3 0.478347 0.461914 0.484951 0.469610 0.486577 0.470524 0.489493 0.473529 0.489095 0.474685 0.491004 0.474648 0.490913 0.473257 0.488267 0.470257 0.483911 0.466717 0.479969 0.461946 0.477019 0.459091 0.474678 0.459232 0.470848 0.457861 0.466084 0.456114 0.460239 0.454346 0.448957 0.451100 0.439138 0.447996 0.431789 0.445673 0.425540 0.445380 0.423061 0.445237 0.423477 0.447291 0.424735 0.448329 0.426242 0.449767 0.428772 0.449686 0.432847 0.451775 0.437987 0.453961 0.446909 0.458624 0.452466 0.461663 0.459737 0.466125 0.465445 0.469692 0.469894 0.473422 0.474305 0.477620 0.476249 0.480718 0.479212 0.483818 0.482066 0.485602 0.483503 0.485255 0.481917 0.482670 0.477902 0.479719 0.475201 0.477262 0.471740 0.473364 0.467608 0.469735 0.465109 0.467583 0.461250 0.464841 0.458004 0.462693 0.452210 0.459499 0.450830 0.458102 0.452322 0.457211 0.458861 0.458317 0.462457 0.458332 0.463314 0.458443 0.467843 0.463320 0.474992 0.470707 0.476207 0.472533 0.476842 0.471532 0.473530 0.467280 0.470976 0.464471 0.470893 0.463643 0.475802 0.467438 0.480358 0.470401 0.483445 0.471457 0.477003 0.466936 0.471616 0.463150 0.469002 0.461203 0.465312 0.458915 0.467366 0.458843 0.468553 0.458097 0.473305 0.459599 0.476780 0.461338
3 0.417225 0.431349 0.418061 0.431967 0.418657 0.433307 0.418054 0.433647 0.417111 0.433172 0.416271 0.432907 0.415950 0.432008 0.416310 0.431414
3 0.510604 0.483451 0.507370 0.484180 0.502609 0.482909 0.500774 0.483146 0.496884 0.485888 0.491017 0.489056 0.486526 0.490088 0.482978 0.490018 0.479178 0.489751 0.476522 0.490547 0.474285 0.491241 0.470866 0.491912 0.465469 0.493009 0.467772 0.494205 0.472951 0.495375 0.478311 0.493565 0.484157 0.493544 0.491685 0.492654 0.494367 0.489998 0.500180 0.485762 0.503008 0.484203 0.507676 0.485445
3 0.475752 0.502626 0.482227 0.505916 0.485795 0.509086 0.490514 0.513152 0.491860 0.515175 0.490938 0.515593 0.489320 0.514105 0.486981 0.512478 0.484249 0.511259 0.482335 0.510743 0.480636 0.509940 0.484207 0.510448 0.487820 0.511767 0.482717 0.507402 0.479868 0.505703 0.476345 0.504323 0.475302 0.503283
3 0.502283 0.491507 0.499799 0.492596 0.495622 0.492594 0.492598 0.492957 0.485775 0.494758 0.479652 0.496848 0.474480 0.499933 0.486843 0.496275 0.491189 0.496052 0.495021 0.497056 0.498494 0.498084 0.500993 0.499777 0.504081 0.501725 0.505566 0.502958 0.506491 0.503806 0.506285 0.501866 0.502758 0.499779 0.500189 0.498134 0.498799 0.497000 0.497032 0.496233 0.494502 0.495711 0.491739 0.495185 0.489594 0.494784 0.493688 0.493857 0.497067 0.493745 0.501267 0.493129
3 0.474281 0.496782 0.474364 0.497979 0.470427 0.499077 0.467894 0.499615 0.463178 0.499462 0.457836 0.498945 0.449529 0.498995 0.445642 0.498938 0.454633 0.508054 0.460874 0.509609 0.465862 0.511688 0.470051 0.513849 0.474724 0.516999 0.476873 0.520021 0.480497 0.523425 0.479640 0.524075 0.475475 0.520248 0.473069 0.517731 0.466940 0.514120 0.459760 0.512018 0.465771 0.518017 0.469160 0.521515 0.474675 0.526270 0.480264 0.530379 0.481309 0.531713 0.480933 0.532431 0.474220 0.526711 0.476044 0.529296 0.475169 0.530023 0.474195 0.529632 0.471926 0.526823 0.469069 0.524414 0.467262 0.523006 0.466881 0.524057 0.465642 0.523581 0.463951 0.521039 0.460457 0.518932 0.457985 0.517480 0.453994 0.515549 0.450243 0.514229 0.444190 0.511377 0.438306 0.509115 0.435849 0.507936 0.434676 0.507432 0.429731 0.508370 0.433893 0.508881 0.436066 0.509479 0.436395 0.510030 0.435014 0.510442 0.428213 0.509051 0.426437 0.509204 0.424461 0.509071 0.423849 0.509100 0.427972 0.510449 0.430899 0.511061 0.435199 0.512465 0.441113 0.514425 0.443702 0.516360 0.443351 0.516740 0.441171 0.516006 0.439330 0.515111 0.422435 0.509994 0.422069 0.508940 0.421348 0.509114 0.384165 0.513926 0.382962 0.513381 0.383815 0.512085 0.387535 0.511696 0.421621 0.507902 0.422207 0.507342 0.423486 0.507272 0.424436 0.507640 0.431230 0.506537 0.410755 0.499387 0.410258 0.500313 0.409636 0.500523 0.408497 0.500231 0.407721 0.500866 0.407007 0.500979 0.405957 0.501053 0.405007 0.500685 0.403586 0.500371 0.404569 0.499328 0.402465 0.499746 0.401566 0.499665 0.402838 0.498103 0.403029 0.497012 0.403633 0.496120 0.402552 0.495574 0.401687 0.495843 0.400431 0.495310 0.399835 0.494648 0.399021 0.494187 0.398313 0.494776 0.397838 0.495100 0.396260 0.494466 0.395607 0.494056 0.394479 0.493970 0.392222 0.493799 0.379473 0.493561 0.380437 0.491089 0.383869 0.490887 0.385804 0.490957 0.390854 0.491470 0.386645 0.489530 0.385007 0.488403 0.384551 0.487378 0.388775 0.488239 0.391774 0.489187 0.396162 0.490846 0.404047 0.492526 0.409172 0.492453 0.414688 0.494197 0.419462 0.495164 0.420808 0.495048 0.423534 0.495914 0.426302 0.496112 0.428505 0.496266 0.429413 0.495808 0.430799 0.495773 0.433716 0.495814 0.437295 0.495727 0.438363 0.495320 0.443475 0.494295 0.442601 0.493341 0.442470 0.492148 0.443638 0.492314 0.445840 0.493485 0.449487 0.493351 0.452896 0.494767 0.457321 0.494744 0.461793 0.494261 0.464971 0.494927 0.465632 0.494798 0.465517 0.495303 0.464399 0.495424 0.462756 0.495582 0.460977 0.495832 0.457495 0.495747 0.460323 0.496438 0.462726 0.496723 0.466322 0.497318 0.469604 0.497273 0.472258 0.496960 0.473326 0.496553
3 0.460716 0.493443 0.463033 0.494108 0.464847 0.494207 0.464869 0.493605 0.463770 0.493392 0.461895 0.492800 0.461267 0.492534 0.460552 0.492646 0.459267 0.492240 0.458303 0.491935 0.457457 0.491871 0.457958 0.490675 0.457816 0.490291 0.456854 0.490732 0.455579 0.491548 0.454543 0.491559 0.453950 0.491642 0.452596 0.492298 0.450949 0.492725 0.450105 0.493407 0.453212 0.494389 0.455108 0.494379 0.455813 0.493044 0.456876 0.493922 0.456976 0.494495 0.459776 0.494297 0.460241 0.493767
3 0.415834 0.494116 0.423379 0.490428 0.420624 0.488829 0.418778 0.487861 0.415287 0.485987 0.412521 0.484599 0.411175 0.483660 0.410601 0.482837 0.410586 0.481464 0.411151 0.480573 0.411763 0.479954 0.412174 0.479742 0.413789 0.480295 0.416763 0.481406 0.421038 0.483656 0.424127 0.485060 0.428223 0.487296 0.429430 0.487892 0.429014 0.488445 0.430160 0.488508 0.431850 0.487930 0.430105 0.486352 0.428010 0.483764 0.426788 0.481324 0.426999 0.480236 0.427858 0.480764 0.429354 0.482478 0.431972 0.485316 0.432939 0.486007 0.433514 0.486830 0.433723 0.487666 0.434194 0.487986 0.436042 0.487031 0.437372 0.486125 0.439900 0.486325 0.440537 0.485757 0.445264 0.484898 0.446855 0.484760 0.449759 0.483625 0.451957 0.483207 0.452952 0.482495 0.453403 0.482424 0.453499 0.483438 0.452359 0.484147 0.451474 0.485493 0.451085 0.485926 0.450228 0.485869 0.449135 0.486850 0.448228 0.487333 0.446506 0.487729 0.445414 0.488069 0.445207 0.487704 0.443921 0.487939 0.442894 0.488469 0.442273 0.489129 0.441126 0.489707 0.440170 0.489448 0.439013 0.489595 0.437896 0.489884 0.437511 0.488864 0.437025 0.490207 0.437555 0.490589 0.438719 0.492326 0.439909 0.493472 0.441063 0.494778 0.436345 0.495596 0.435543 0.494658 0.434587 0.493757 0.433701 0.493348 0.432901 0.492882 0.431341 0.492089 0.430813 0.491537 0.429545 0.491692 0.428886 0.492040 0.428414 0.492362 0.428813 0.493001 0.432156 0.495683 0.430380 0.495678 0.429107 0.494420 0.428213 0.493410 0.427653 0.493319 0.427076 0.493307 0.426911 0.493555 0.426243 0.493942 0.425487 0.493917 0.424923 0.494166 0.424232 0.494333 0.423181 0.494172 0.422946 0.494568 0.422152 0.494873 0.421391 0.495189 0.417949 0.494700 0.416008 0.494471
3 0.407922 0.479176 0.409466 0.479842 0.411040 0.479717 0.408338 0.478507 0.406294 0.478216 0.405216 0.478320 0.405897 0.479469 0.407225 0.480422 0.410563 0.482811 0.410344 0.481453 0.408505 0.480427 0.407531 0.479407 0.407897 0.479123
3 0.450618 0.503858 0.464877 0.501079 0.467711 0.500754 0.467216 0.501412 0.465565 0.502152 0.462293 0.502583 0.458277 0.504163 0.455035 0.504766 0.452030 0.504630 0.451308 0.504768
3 0.497183 0.513275 0.498438 0.513587 0.498748 0.514278 0.498901 0.514707 0.498648 0.515346 0.497856 0.515519 0.497261 0.514823 0.496939 0.513875 0.496931 0.513280
3 0.426884 0.518855 0.443608 0.518570 0.442918 0.517495 0.443613 0.516490 0.444026 0.516498 0.445875 0.518185 0.458206 0.518042 0.460391 0.519161 0.447626 0.519840 0.449619 0.522491 0.451125 0.524314 0.453657 0.530074 0.453776 0.531152 0.451932 0.528304 0.450427 0.524645 0.447930 0.522386 0.446460 0.520635 0.445731 0.519731 0.444969 0.519429 0.429987 0.519591
3 0.447808 0.528409 0.445256 0.530051 0.445039 0.530778 0.447365 0.529677 0.448311 0.528935
3 0.462155 0.521678 0.462051 0.522135 0.462609 0.523108 0.463235 0.523550 0.463664 0.523258 0.463368 0.522735 0.462762 0.521748
3 0.343466 0.484706 0.343254 0.486514 0.345822 0.489201 0.347447 0.489480 0.350256 0.486735 0.349324 0.485152 0.346177 0.487204 0.344850 0.485612
3 0.362397 0.439324 0.358669 0.442903 0.355704 0.446943 0.353321 0.451972 0.353038 0.453493 0.352304 0.453993 0.350419 0.455739 0.348773 0.456975 0.347378 0.457925 0.348651 0.455327 0.351062 0.453454 0.352618 0.452335 0.353551 0.450142 0.355056 0.446519 0.357066 0.444226 0.358813 0.441997 0.361749 0.438900
3 0.657897 0.481291 0.670709 0.466025 0.665682 0.473345 0.661961 0.477549 0.658198 0.482269 0.658117 0.484272 0.664249 0.482947 0.667360 0.483401 0.666107 0.485298 0.660781 0.485379 0.658041 0.485924 0.654479 0.485150 0.648956 0.486756 0.642024 0.487652 0.645994 0.485643 0.651660 0.485053 0.656118 0.483199 0.657291 0.481982
3 0.355803 0.450772 0.358974 0.450584 0.363439 0.450924 0.363047 0.453539 0.363888 0.454281 0.366891 0.452610 0.364814 0.457313 0.360230 0.457054 0.358277 0.456318 0.357667 0.457673 0.359619 0.458409 0.361163 0.459612 0.360477 0.461300 0.356584 0.460665 0.356234 0.458649 0.354943 0.456335 0.354901 0.454298
