4 0.666966 0.230739 0.670964 0.233692 0.681938 0.271137 0.646009 0.377502 0.643556 0.379362 0.640559 0.380169 0.551526 0.367944 0.524766 0.338813 0.525775 0.334580 0.563138 0.223334 0.565139 0.222208
8 0.567895 0.386277 0.564156 0.396397 0.565408 0.398236 0.591050 0.402414 0.591845 0.400583 0.594025 0.391298 0.592611 0.389971
8 0.552789 0.495464 0.549600 0.505892 0.550801 0.506530 0.575206 0.511890 0.576389 0.510879 0.579960 0.500263 0.578647 0.498960 0.555751 0.493943
8 0.437169 0.470623 0.435858 0.472305 0.433468 0.480606 0.434804 0.481305 0.456889 0.486321 0.457831 0.484819 0.460934 0.476482 0.459672 0.474809 0.439640 0.470194
8 0.437585 0.699457 0.433925 0.710041 0.434509 0.711169 0.458337 0.718770 0.459648 0.718338 0.462732 0.708088 0.462803 0.706378 0.440314 0.698749
7 0.666120 0.427947 0.687784 0.431896 0.696798 0.448076 0.633966 0.639978 0.618134 0.639727 0.598476 0.633860 0.598655 0.630880 0.664724 0.429141
7 0.596757 0.645337 0.616608 0.642940 0.631095 0.647849 0.632312 0.649636 0.579840 0.807963 0.558119 0.821910 0.551943 0.820508 0.536793 0.814478 0.536551 0.811618 0.594973 0.646550
7 0.250869 0.580750 0.263967 0.584574 0.228496 0.682743 0.185493 0.687528 0.181355 0.686589 0.171577 0.682670 0.170814 0.680557 0.207201 0.576775
7 0.212095 0.559002 0.211423 0.559952 0.211085 0.561608 0.226675 0.566094 0.268571 0.569386 0.313211 0.447585 0.311405 0.444182 0.310755 0.441829 0.310694 0.440555 0.277069 0.427562 0.262195 0.424342 0.261009 0.424860
0 0.254281 0.699373 0.255786 0.701803 0.273168 0.707356 0.275874 0.707489 0.283510 0.709705 0.285464 0.711915 0.300983 0.717367 0.312638 0.717772 0.317341 0.718906 0.318664 0.722111 0.320740 0.724166 0.323706 0.723651 0.344099 0.716535 0.424244 0.481500 0.422383 0.478767 0.419584 0.477273 0.413787 0.475165 0.409338 0.473230 0.408074 0.472548 0.407139 0.472797 0.406712 0.473162 0.403471 0.472822 0.398477 0.471622 0.395445 0.470868 0.390742 0.469733 0.386073 0.468739 0.343606 0.459227 0.342450 0.457710 0.339983 0.458866 0.338540 0.461706
1 0.430417 0.291005 0.536481 0.302894 0.563119 0.223556 0.565332 0.222300 0.667768 0.230947 0.671159 0.234575 0.682007 0.271216 0.667121 0.316628 0.744686 0.325562 0.748175 0.328882 0.594838 0.808118 0.587950 0.811107 0.580362 0.814758 0.575337 0.814084 0.571953 0.813160 0.558125 0.822015 0.552534 0.820512 0.536852 0.814302 0.536307 0.811374 0.539579 0.802770 0.482687 0.783306 0.456666 0.793521 0.383725 0.766986 0.378445 0.768279 0.374950 0.768576 0.370218 0.767267 0.369527 0.766254 0.370938 0.763536 0.372432 0.762006 0.365116 0.759566 0.359916 0.761189 0.354831 0.762761 0.351175 0.760372 0.350680 0.758157 0.352823 0.755450 0.345141 0.753004 0.338510 0.755081 0.332811 0.753631 0.332047 0.751978 0.333571 0.750065 0.334173 0.749033 0.235831 0.713302 0.230020 0.709879 0.227600 0.707070 0.220822 0.691588 0.217105 0.687940 0.211619 0.685525 0.210314 0.684995 0.186190 0.687462 0.183955 0.687266 0.171089 0.682319 0.170714 0.680598 0.206990 0.576902 0.240998 0.579796 0.245739 0.567708 0.226647 0.566176 0.211129 0.561484 0.211463 0.559846 0.212230 0.559163 0.261043 0.424820 0.262473 0.424366 0.276707 0.427598 0.294151 0.434053 0.328954 0.336176 0.321917 0.330527 0.320810 0.328796 0.321156 0.326537 0.345082 0.265683 0.342960 0.263810 0.332004 0.255166 0.330538 0.253175 0.331114 0.251353 0.337746 0.235456 0.339433 0.234537 0.396320 0.240826 0.399386 0.242174 0.435211 0.277298 0.434795 0.279279 0.430521 0.290147
5 0.376854 0.376749 0.378971 0.376142 0.383169 0.376784 0.388083 0.379221 0.394450 0.390692 0.391541 0.398734 0.390302 0.399463 0.388749 0.404084 0.389042 0.406637 0.386336 0.412646 0.385505 0.413366 0.372252 0.420747 0.367748 0.419099 0.340877 0.414246 0.338383 0.412601 0.335433 0.411760 0.334271 0.410986 0.334298 0.409629 0.334967 0.408361 0.335905 0.407723 0.335940 0.406765 0.335871 0.405501 0.331904 0.403237 0.330048 0.401055 0.328161 0.397276 0.326994 0.394399 0.326449 0.390188 0.326392 0.386768 0.327940 0.382293 0.329788 0.378568 0.332686 0.374910 0.336054 0.372098 0.339175 0.369854 0.342821 0.368070 0.347604 0.366715 0.351639 0.366666 0.356819 0.367445 0.361748 0.369019 0.368042 0.372208 0.373452 0.375651 0.375268 0.376688
5 0.356874 0.421058 0.363685 0.422386 0.363943 0.421569 0.368897 0.422563 0.372083 0.424249 0.378651 0.435984 0.378765 0.436930 0.377047 0.443018 0.374840 0.444443 0.373594 0.448713 0.373986 0.450903 0.370806 0.458673 0.362134 0.462745 0.346440 0.459618 0.345337 0.459674 0.343249 0.459419 0.343581 0.458531 0.343454 0.457627 0.342548 0.457552 0.341265 0.458180 0.340416 0.458250 0.339006 0.459769 0.338480 0.461269 0.320815 0.456863 0.318456 0.455014 0.319556 0.453819 0.316502 0.451068 0.313919 0.448293 0.312424 0.446159 0.311097 0.443494 0.310645 0.440677 0.310227 0.438568 0.310434 0.435463 0.311236 0.431618 0.312552 0.428109 0.314579 0.424804 0.316990 0.421587 0.320301 0.418793 0.323193 0.416999 0.326357 0.415485 0.330944 0.414206 0.335370 0.413767 0.340530 0.414764 0.345907 0.416379 0.351184 0.418803 0.355079 0.420694
2 0.475126 0.517232 0.472186 0.520200 0.474201 0.523323 0.476414 0.524916 0.474484 0.531021 0.470692 0.533068 0.462481 0.533263 0.452676 0.534430 0.449560 0.536145 0.451675 0.544381 0.448680 0.548426 0.449792 0.554859 0.450437 0.557792 0.447049 0.563082 0.452346 0.566223 0.456751 0.565406 0.460193 0.565824 0.456446 0.567276 0.450705 0.569607 0.446612 0.576675 0.443200 0.579778 0.447766 0.584329 0.448600 0.586214 0.443981 0.587710 0.437092 0.590508 0.442344 0.594245 0.447158 0.599822 0.449761 0.601988 0.462290 0.605318 0.472287 0.606256 0.481601 0.606190 0.485770 0.602047 0.488147 0.600406 0.499133 0.600478 0.503266 0.596448 0.505034 0.591760 0.502498 0.586216 0.499504 0.583476 0.501253 0.579754 0.505510 0.576237 0.507928 0.570849 0.508110 0.568466 0.512565 0.563419 0.515259 0.557609 0.516191 0.552853 0.514255 0.544052 0.509385 0.534585 0.508473 0.531591 0.508969 0.526857 0.507247 0.524163 0.500430 0.519949 0.489099 0.518709 0.484528 0.517792 0.480695 0.516801 0.477003 0.517174
2 0.523490 0.404498 0.530801 0.405794 0.536901 0.407301 0.538418 0.410190 0.537717 0.415120 0.536876 0.418686 0.537254 0.421559 0.534465 0.425408 0.533178 0.429478 0.530583 0.433615 0.527563 0.437291 0.527843 0.440021 0.530047 0.442096 0.524784 0.445627 0.521099 0.447335 0.516065 0.452856 0.515305 0.455713 0.512349 0.457828 0.506660 0.460899 0.504319 0.455641 0.504861 0.450311 0.505063 0.445147 0.503806 0.440984 0.501996 0.437665 0.501699 0.434083 0.503857 0.429969 0.506597 0.423563 0.507727 0.417276 0.510064 0.412597 0.519362 0.411679
