1 0.381800 0.448778 0.381336 0.443283 0.409159 0.436707 0.410301 0.442080 0.433841 0.435285 0.432241 0.429964 0.432566 0.428289 0.434498 0.428511 0.437123 0.434895 0.444071 0.432698 0.439723 0.416316 0.438290 0.407243 0.554211 0.374757 0.555311 0.375797 0.557291 0.384512 0.558337 0.401198 0.561662 0.399962 0.559626 0.373102 0.653115 0.347493 0.654419 0.348323 0.654297 0.349970 0.656494 0.357462 0.654934 0.377324 0.656236 0.377059 0.673032 0.421012 0.688596 0.428444 0.691027 0.435058 0.692545 0.433555 0.693716 0.433257 0.694962 0.434106 0.695276 0.435761 0.694505 0.443823 0.695904 0.447255 0.696827 0.445866 0.699004 0.444812 0.699830 0.445721 0.700569 0.448703 0.699348 0.456691 0.700286 0.458368 0.701130 0.456780 0.703479 0.455926 0.704488 0.457051 0.704977 0.459619 0.703792 0.467047 0.750002 0.584528 0.743493 0.602259 0.746077 0.612964 0.743365 0.618505 0.743833 0.621603 0.397653 0.719708 0.395662 0.715562 0.393745 0.691938 0.380475 0.694895 0.363509 0.667715 0.361471 0.615834 0.362327 0.614325 0.377763 0.610842 0.378618 0.611782 0.383928 0.622557 0.387888 0.621556 0.379225 0.541619 0.348991 0.550301 0.347152 0.547926 0.330029 0.518298 0.327631 0.466055 0.329425 0.463735
7 0.438345 0.407344 0.439976 0.417206 0.443952 0.432631 0.443129 0.426027 0.444310 0.424376 0.445312 0.424618 0.446113 0.425163 0.450032 0.437654 0.451043 0.438531 0.453337 0.438205 0.455510 0.439434 0.456687 0.437465 0.457561 0.436550 0.454680 0.422375 0.455580 0.420973 0.457036 0.420832 0.457812 0.421864 0.461572 0.435442 0.464506 0.435552 0.466197 0.438530 0.466358 0.439836 0.559927 0.414246 0.557160 0.383591 0.555059 0.375235 0.554023 0.374844
7 0.559719 0.373299 0.561556 0.400412 0.564798 0.411560 0.654037 0.386847 0.656623 0.357347 0.653938 0.349219 0.653985 0.348291 0.652813 0.347672
7 0.527778 0.632673 0.530680 0.647465 0.531515 0.655884 0.535214 0.669009 0.644761 0.637659 0.646535 0.614650 0.642719 0.600609
7 0.651757 0.621760 0.655982 0.633679 0.739216 0.610082 0.745994 0.585480 0.741261 0.571465 0.655468 0.595865 0.654865 0.597489
5 0.506882 0.596510 0.512636 0.592930 0.518044 0.591984 0.524468 0.592888 0.529242 0.595723 0.532732 0.600138 0.534223 0.604950 0.535924 0.615507 0.536625 0.617281 0.539176 0.629389 0.527964 0.632816 0.529241 0.640631 0.525815 0.641538 0.524687 0.640955 0.522211 0.641445 0.520200 0.642667 0.519307 0.643772 0.507428 0.647116 0.506068 0.645726 0.501527 0.621567 0.501971 0.620018 0.500641 0.611754 0.501317 0.605964 0.503302 0.600464
5 0.466497 0.640620 0.466020 0.642022 0.469443 0.657679 0.470676 0.658436 0.502448 0.649070 0.502610 0.646672 0.497949 0.621864 0.497271 0.621605 0.494833 0.611842 0.491841 0.607622 0.486410 0.604334 0.481354 0.602699 0.477845 0.602817 0.473749 0.603852 0.470112 0.605940 0.467278 0.609026 0.465037 0.612394 0.462993 0.617212 0.462538 0.621631 0.462968 0.627805 0.465657 0.635559
4 0.348892 0.550395 0.419489 0.530747 0.422030 0.527985 0.413188 0.468475 0.404287 0.444229 0.401695 0.443446 0.329479 0.463962 0.327791 0.465831 0.329336 0.519459
8 0.428987 0.496181 0.437130 0.494152 0.440150 0.510502 0.433254 0.512682 0.431654 0.511485
8 0.496749 0.467013 0.504070 0.464976 0.507024 0.478871 0.506256 0.480386 0.499687 0.482026
8 0.510743 0.536808 0.518468 0.534661 0.521888 0.551483 0.514391 0.553971 0.513443 0.550903
8 0.641962 0.451629 0.649850 0.449273 0.652189 0.455711 0.654447 0.464106 0.652112 0.465673 0.646305 0.466887
0 0.522608 0.541090 0.522497 0.543267 0.521792 0.544601 0.522050 0.548406 0.521789 0.549917 0.531425 0.593828 0.532326 0.599572 0.533240 0.601821 0.534385 0.604791 0.534721 0.606271 0.713184 0.556353 0.717098 0.542503 0.716511 0.541102 0.716777 0.539907 0.715847 0.538773 0.715008 0.538694 0.713164 0.531775 0.714262 0.531213 0.713355 0.525016 0.708809 0.512628 0.707746 0.512749 0.705365 0.505464 0.704504 0.501073 0.701041 0.491823 0.699353 0.490589 0.523398 0.539999
