7 0.195238 0.459800 0.220951 0.456454 0.249719 0.486559 0.260401 0.548998 0.278581 0.655489 0.256132 0.661086 0.222347 0.650195 0.207496 0.557012
7 0.225059 0.670785 0.256504 0.665957 0.282521 0.678118 0.309437 0.831654 0.284027 0.836191 0.252861 0.840055
7 0.824388 0.711517 0.858612 0.705328 0.886924 0.698894 0.865789 0.650467 0.827804 0.566256 0.797000 0.498304 0.775076 0.502792 0.769126 0.506124 0.745345 0.530592 0.761032 0.566393
7 0.671191 0.294724 0.693753 0.290410 0.753498 0.416717 0.789859 0.490247 0.777008 0.504061 0.770708 0.503513 0.768118 0.507320 0.758874 0.516848 0.741850 0.520222 0.734344 0.503854 0.669238 0.362424 0.659564 0.341040 0.661147 0.331272 0.662482 0.326265 0.661188 0.323092
8 0.593702 0.426138 0.037064 0.174557
8 0.532058 0.328102 0.034050 0.174482
8 0.447392 0.456537 0.036868 0.175089
4 0.447154 0.160823 0.550780 0.144589 0.594540 0.237341 0.586978 0.284702 0.584948 0.297430 0.482122 0.315663 0.471877 0.291747 0.457756 0.251309 0.453798 0.234523 0.448059 0.203591 0.444042 0.175978 0.443333 0.164158
0 0.325088 0.461017 0.396640 0.446473 0.403848 0.450368 0.409857 0.454767 0.411718 0.455497 0.412269 0.451221 0.414025 0.449900 0.416900 0.450400 0.420850 0.456880 0.425458 0.474047 0.438907 0.522637 0.478530 0.666971 0.500682 0.742248 0.508925 0.774360 0.506111 0.780072 0.494907 0.783310 0.474427 0.790731 0.453992 0.793991 0.408985 0.803758 0.394937 0.804876 0.390449 0.800131 0.387378 0.792990 0.358858 0.675199 0.334500 0.570578 0.313458 0.472155 0.315178 0.468998 0.319302 0.468291 0.322938 0.468618 0.324453 0.464815
8 0.630819 0.689549 0.043125 0.178627
5 0.253126 0.448789 0.262954 0.436294 0.268880 0.428510 0.282938 0.424976 0.302046 0.426055 0.314729 0.433338 0.320633 0.443178 0.325557 0.446125 0.330355 0.447406 0.333178 0.457608 0.331442 0.459696 0.325927 0.459933 0.324617 0.464636 0.320500 0.469298 0.316029 0.470314 0.313003 0.473374 0.314236 0.483597 0.316806 0.490468 0.275797 0.498432 0.267267 0.492916 0.265699 0.475314 0.262211 0.469330 0.257851 0.461850 0.253891 0.455634
1 0.206988 0.457580 0.185900 0.313736 0.203065 0.311190 0.197429 0.281976 0.183977 0.259620 0.181301 0.239774 0.265181 0.223423 0.268960 0.225275 0.291355 0.278465 0.293442 0.293916 0.461401 0.261846 0.454783 0.239632 0.452286 0.231728 0.449354 0.216130 0.443322 0.171759 0.444278 0.163409 0.449540 0.159842 0.550488 0.145033 0.564447 0.174050 0.592174 0.236532 0.636735 0.228439 0.641568 0.236150 0.645866 0.235851 0.662894 0.273319 0.661957 0.277937 0.670631 0.295279 0.691794 0.291487 0.790087 0.490276 0.777608 0.502600 0.795691 0.499168 0.887127 0.697584 0.885964 0.700220 0.856877 0.705475 0.853068 0.716167 0.731541 0.747172 0.714615 0.775753 0.713252 0.777757 0.335063 0.864041 0.299827 0.845280 0.280427 0.848334 0.272168 0.842417 0.270970 0.838624 0.249653 0.839402 0.224207 0.670385 0.242516 0.668935 0.236286 0.656798 0.220522 0.649876 0.196148 0.460238
