1 0.354580 0.481074 0.322871 0.488847 0.320559 0.488365 0.304501 0.462261 0.303563 0.456841 0.299444 0.401853 0.301973 0.400707 0.345162 0.389825 0.344225 0.384405 0.354846 0.381394 0.354077 0.375926 0.363343 0.373608 0.363969 0.372632 0.373948 0.370144 0.374978 0.371151 0.383046 0.369156 0.383691 0.370341 0.384735 0.373899 0.408249 0.367576 0.408062 0.365302 0.409018 0.364333 0.410495 0.364200 0.411354 0.364873 0.411923 0.366970 0.419373 0.364948 0.415684 0.352228 0.413965 0.341548 0.414474 0.340888 0.535469 0.310222 0.535953 0.311297 0.536649 0.315421 0.537663 0.318122 0.538274 0.321517 0.538640 0.334324 0.541152 0.333601 0.540509 0.308545 0.637505 0.284123 0.638615 0.284993 0.638367 0.286578 0.640756 0.295223 0.638286 0.311935 0.654126 0.361318 0.654839 0.362312 0.668989 0.370253 0.672943 0.382032 0.673883 0.381129 0.675849 0.380740 0.676788 0.384872 0.675534 0.389790 0.676941 0.394939 0.678346 0.394168 0.680575 0.394069 0.681424 0.397110 0.679709 0.402779 0.680926 0.407615 0.682384 0.406035 0.683542 0.406089 0.684595 0.406551 0.685349 0.410042 0.683707 0.414989 0.689388 0.433046 0.697095 0.456896 0.703287 0.475636 0.722864 0.536706 0.720296 0.543143 0.714415 0.554513 0.716959 0.561871 0.717680 0.563862 0.715588 0.569437 0.714307 0.572378 0.376570 0.663176 0.374710 0.660908 0.373689 0.656800 0.374290 0.655181 0.372075 0.636541 0.359589 0.639155 0.342823 0.619019 0.342294 0.617757 0.339131 0.565785 0.340280 0.564088 0.355027 0.560760 0.356581 0.562269 0.361864 0.570602 0.365164 0.569844
4 0.299498 0.402293 0.301332 0.401017 0.377760 0.382145 0.379516 0.383122 0.392318 0.416109 0.398568 0.468570 0.395619 0.471173 0.379808 0.475337 0.322185 0.488681 0.320150 0.487514 0.304124 0.461115 0.304093 0.458898
8 0.405239 0.435542 0.413178 0.433478 0.414229 0.435821 0.416296 0.448876 0.415067 0.450323 0.408383 0.451879 0.407869 0.450035 0.405742 0.438170
8 0.488330 0.480501 0.495847 0.478327 0.496431 0.479204 0.499101 0.493977 0.498804 0.494931 0.498956 0.495792 0.492372 0.497924 0.491708 0.497072 0.491371 0.495966
8 0.474453 0.405003 0.475057 0.404348 0.481238 0.402689 0.481841 0.403767 0.485013 0.418999 0.483971 0.420090 0.477763 0.421630 0.476954 0.419645 0.474183 0.406653
0 0.654973 0.446789 0.676185 0.441267 0.679583 0.442414 0.685854 0.465606 0.687442 0.467622 0.690218 0.478739 0.690973 0.484276 0.689751 0.487039 0.691628 0.492315 0.693110 0.492203 0.693524 0.494028 0.692738 0.495878 0.687895 0.506749 0.511608 0.553943 0.510108 0.550326 0.508260 0.540860 0.508939 0.540201 0.507858 0.533783 0.499474 0.493212 0.500886 0.489474 0.499560 0.490605 0.499221 0.489111 0.502052 0.486971
5 0.488363 0.543509 0.492447 0.541778 0.497496 0.541833 0.500560 0.542184 0.504874 0.544342 0.508644 0.548212 0.511028 0.552960 0.512376 0.560127 0.513105 0.563747 0.514610 0.571195 0.516652 0.582653 0.506007 0.585469 0.506078 0.587427 0.484224 0.593455 0.482871 0.592012 0.482404 0.589959 0.478900 0.567959 0.478656 0.561544 0.479861 0.554120 0.482443 0.548242 0.485829 0.545081
5 0.451611 0.552927 0.456182 0.551702 0.461080 0.551914 0.465899 0.554242 0.469797 0.557852 0.472128 0.561957 0.473924 0.565350 0.474998 0.565561 0.480175 0.594515 0.479429 0.595561 0.468353 0.598277 0.465213 0.598054 0.459617 0.599823 0.459064 0.600856 0.456494 0.601811 0.447453 0.604170 0.446543 0.603099 0.445598 0.600538 0.443756 0.590828 0.443494 0.588337 0.444397 0.586980 0.440571 0.575466 0.440705 0.566986 0.442851 0.561233 0.445757 0.556954 0.448887 0.554464
7 0.505813 0.585750 0.507775 0.599842 0.511419 0.616618 0.618496 0.587541 0.622600 0.569972 0.618839 0.555961
7 0.626151 0.569823 0.630208 0.582961 0.710952 0.562501 0.720108 0.542458 0.715578 0.528690 0.630629 0.551357
7 0.636240 0.323407 0.640673 0.295057 0.637997 0.284242 0.540598 0.308427 0.541244 0.339317 0.543937 0.347794
7 0.414406 0.340957 0.413829 0.341991 0.415935 0.353252 0.421661 0.373698 0.422633 0.373730 0.419580 0.362121 0.420170 0.360841 0.421262 0.360551 0.422107 0.361213 0.422967 0.362144 0.426326 0.373874 0.429085 0.373166 0.431958 0.375210 0.433195 0.372086 0.434454 0.371305 0.431558 0.358553 0.431790 0.357332 0.433047 0.357153 0.434080 0.358029 0.434827 0.358668 0.438259 0.370922 0.440853 0.370102 0.442616 0.371950 0.443152 0.374514 0.539726 0.349264 0.538125 0.320476 0.535648 0.310209
8 0.622220 0.393923 0.629893 0.392038 0.633797 0.407213 0.632724 0.408544 0.626359 0.410466
