1 0.346012 0.272115 0.327631 0.282711 0.292460 0.409946 0.290869 0.409963 0.290071 0.412310 0.290228 0.414335 0.290924 0.414763 0.288075 0.427690 0.285936 0.427015 0.284815 0.428844 0.284390 0.431101 0.286577 0.432727 0.283322 0.445110 0.281535 0.444442 0.279575 0.445694 0.279359 0.447809 0.279949 0.449867 0.281677 0.450413 0.268190 0.500837 0.276989 0.522643 0.276982 0.524615 0.259261 0.589401 0.249818 0.590992 0.248801 0.592750 0.244907 0.607946 0.245383 0.609344 0.373463 0.654903 0.378213 0.650686 0.382386 0.652108 0.381466 0.655768 0.541625 0.711878 0.544277 0.709909 0.635647 0.742414 0.636559 0.740727 0.648835 0.687111 0.707758 0.707182 0.710119 0.705329 0.730198 0.618527 0.727731 0.616188 0.669993 0.595555 0.700052 0.466775 0.712743 0.470680 0.734542 0.463220 0.735878 0.460835 0.749705 0.399602 0.748368 0.397724 0.731959 0.392332 0.721786 0.398683 0.716385 0.396457 0.719375 0.385237 0.574677 0.334840 0.576484 0.326886 0.575437 0.326451 0.452808 0.281371 0.452198 0.282114 0.449709 0.291516 0.441271 0.288331 0.439284 0.276529 0.346389 0.242497 0.345321 0.244132 0.345223 0.246401 0.341056 0.259217 0.346686 0.270938
7 0.346395 0.242509 0.345174 0.244486 0.345268 0.246788 0.341279 0.259252 0.351353 0.281065 0.438339 0.312092 0.442832 0.298424 0.439243 0.276569
7 0.453009 0.281463 0.452111 0.282361 0.448418 0.296917 0.448046 0.298890 0.451189 0.316606 0.566512 0.357948 0.572206 0.342388 0.576692 0.326719
7 0.249793 0.591169 0.248791 0.592178 0.244745 0.608128 0.245434 0.609422 0.373481 0.654929 0.383040 0.645939 0.387606 0.630485 0.385684 0.629049 0.264989 0.588598
7 0.393612 0.633127 0.385945 0.638408 0.381456 0.655378 0.541838 0.711597 0.543373 0.710094 0.546772 0.694520 0.542442 0.684207
0 0.335445 0.324144 0.330785 0.328907 0.328269 0.329029 0.326727 0.332392 0.315599 0.379308 0.320416 0.381380 0.319505 0.385215 0.318390 0.388222 0.317616 0.388589 0.317206 0.390394 0.320429 0.394467 0.326217 0.398638 0.525418 0.466456 0.528175 0.460767 0.544017 0.398787 0.541853 0.394996 0.336485 0.323668
8 0.523634 0.475945 0.532182 0.478740 0.526512 0.500503 0.518235 0.497224
8 0.588206 0.593039 0.597320 0.596120 0.592356 0.617964 0.583001 0.614941
8 0.332089 0.480824 0.341828 0.484518 0.335557 0.506125 0.325941 0.502346
4 0.615912 0.580106 0.617476 0.579645 0.630771 0.582507 0.728338 0.616964 0.729870 0.618786 0.709936 0.705789 0.707865 0.706939 0.608972 0.672352 0.607209 0.671198 0.597986 0.662314 0.597686 0.660069
