6 0.587868 0.427051 0.168361 0.008431
6 0.667695 0.560460 0.165655 0.010338
6 0.734049 0.482380 0.169825 0.009358
6 0.514785 0.416070 0.171957 0.008140
6 0.563400 0.363514 0.162651 0.011491
8 0.472034 0.518688 0.173172 0.049627
8 0.522440 0.323776 0.172903 0.052036
8 0.356622 0.295357 0.173731 0.050419
8 0.821377 0.516173 0.173922 0.049847
7 0.458770 0.101067 0.745938 0.213622 0.737452 0.246202 0.720015 0.260749 0.445894 0.153422 0.448049 0.132420
7 0.758871 0.217483 0.985622 0.310425 0.975680 0.342030 0.939585 0.346505 0.729378 0.261867 0.728084 0.256402 0.738808 0.245741 0.740983 0.230296
7 0.628820 0.855073 0.788729 0.915459 0.812327 0.950341 0.803945 0.982450 0.631938 0.917737 0.619495 0.883435
7 0.399720 0.768952 0.604316 0.848747 0.615075 0.877458 0.606609 0.915596 0.377611 0.823367 0.381647 0.793890 0.389506 0.764135
5 0.390376 0.642903 0.426913 0.656924 0.437011 0.670974 0.435402 0.678218 0.436501 0.689358 0.432821 0.701109 0.433587 0.712141 0.429794 0.726011 0.418653 0.750448 0.404501 0.745007 0.389253 0.746115 0.376279 0.740194 0.374929 0.735012 0.368621 0.731247 0.351827 0.723227 0.367789 0.659371
5 0.315724 0.617142 0.352772 0.632083 0.362879 0.657351 0.344471 0.722573 0.329319 0.716810 0.321028 0.717148 0.308137 0.717293 0.295520 0.709761 0.290195 0.701569 0.276287 0.696639 0.282558 0.673217 0.285132 0.656795 0.289455 0.646977 0.292283 0.642284 0.294052 0.629484 0.315558 0.617891
4 0.157038 0.095534 0.336228 0.169608 0.347139 0.193010 0.302857 0.343589 0.110356 0.264418 0.106682 0.257310 0.150994 0.098707
0 0.478177 0.560717 0.850196 0.704629 0.845318 0.717799 0.850134 0.733513 0.827883 0.818340 0.822560 0.822517 0.816803 0.833043 0.434237 0.690439 0.471397 0.562653
1 0.280378 0.040663 0.306039 0.051560 0.307368 0.047452 0.377665 0.078759 0.455106 0.109855 0.457480 0.101043 0.745495 0.214361 0.742627 0.223518 0.744651 0.225685 0.757885 0.216855 0.985866 0.310757 0.975571 0.340203 0.954470 0.344976 0.922251 0.465657 0.938365 0.500281 0.914882 0.591013 0.921192 0.594566 0.919416 0.602564 0.910998 0.602867 0.906403 0.623567 0.914499 0.632236 0.903402 0.635202 0.898256 0.660263 0.903188 0.664379 0.900425 0.673066 0.893954 0.673999 0.828460 0.910718 0.800063 0.933301 0.813682 0.952832 0.803777 0.982404 0.631383 0.920095 0.627866 0.905847 0.611371 0.903033 0.607876 0.915013 0.376275 0.825991 0.378420 0.812566 0.103234 0.707432 0.111762 0.678423 0.105737 0.675466 0.091335 0.683918 0.057603 0.668470 0.094002 0.549645 0.124671 0.539394 0.146640 0.549524 0.210006 0.305466 0.111270 0.264961 0.108314 0.259467 0.149433 0.098695 0.158478 0.095569 0.254563 0.136729
