7 0.311934 0.290614 0.317927 0.309018 0.332807 0.318665 0.550206 0.270620 0.554922 0.255922 0.548962 0.237061
7 0.553695 0.264144 0.558517 0.267537 0.734189 0.230431 0.752225 0.214549 0.747325 0.195554 0.558306 0.234776 0.553240 0.249114 0.555125 0.256823 0.553095 0.262615 0.553563 0.264099
7 0.514666 0.642544 0.518055 0.654466 0.697883 0.614895 0.691716 0.597177 0.675234 0.580998 0.510304 0.617346
7 0.691367 0.587638 0.716303 0.610003 0.850240 0.578922 0.845429 0.561670 0.816562 0.548908 0.692838 0.576258
1 0.187659 0.328571 0.204775 0.379978 0.114801 0.400666 0.112194 0.406173 0.145123 0.494783 0.237409 0.474061 0.282570 0.604129 0.266868 0.606718 0.237794 0.630281 0.257670 0.694095 0.261693 0.694901 0.283940 0.690093 0.294490 0.677620 0.308625 0.674654 0.312610 0.687265 0.514833 0.642058 0.518258 0.653814 0.698002 0.615433 0.693799 0.602135 0.705302 0.600013 0.716569 0.609987 0.850024 0.579174 0.845816 0.562190 0.828006 0.554440 0.843234 0.534760 0.809335 0.399918 0.815845 0.399422 0.818042 0.397202 0.814251 0.394377 0.807003 0.395286 0.803846 0.382048 0.811826 0.379774 0.811768 0.376838 0.810269 0.374504 0.802614 0.376428 0.798421 0.362815 0.806036 0.361453 0.807256 0.358776 0.805744 0.357091 0.803971 0.356295 0.797250 0.357731 0.783239 0.306516 0.759158 0.293273 0.739255 0.225138 0.752250 0.214201 0.747728 0.195795 0.558118 0.234489 0.555519 0.243229 0.551553 0.244130 0.548725 0.236936 0.311513 0.290517 0.314652 0.298110 0.257522 0.310933 0.256921 0.309032 0.203770 0.321578 0.203992 0.324035
5 0.483650 0.562680 0.492094 0.561206 0.499124 0.562720 0.506940 0.566721 0.511327 0.569779 0.514440 0.573929 0.517252 0.582311 0.519097 0.590219 0.517630 0.597492 0.514887 0.602279 0.506057 0.609559 0.494157 0.612818 0.485806 0.613327 0.475636 0.609115 0.467549 0.601653 0.463616 0.592832 0.464793 0.582572 0.469188 0.572136 0.475850 0.565764 0.484145 0.562492
5 0.425035 0.576220 0.434475 0.575408 0.441635 0.577337 0.448390 0.580468 0.453827 0.585232 0.457552 0.590385 0.459063 0.598486 0.459203 0.605564 0.457143 0.613143 0.449460 0.621999 0.437043 0.627487 0.426232 0.627276 0.417098 0.624908 0.409229 0.618252 0.405159 0.611177 0.402652 0.602414 0.406925 0.591889 0.413565 0.583047
0 0.513296 0.569123 0.491871 0.500567 0.494680 0.498103 0.784096 0.432146 0.794649 0.432994 0.795575 0.434406 0.792199 0.436593 0.794201 0.441412 0.798162 0.443351 0.801395 0.445253 0.806048 0.462248 0.804533 0.465026 0.808643 0.477276 0.814608 0.495392 0.811722 0.496859 0.812711 0.501503 0.809085 0.505166
8 0.434543 0.361841 0.449965 0.358531 0.457170 0.381330 0.441919 0.385183
8 0.315576 0.408070 0.331852 0.404566 0.339271 0.427317 0.322682 0.431280
8 0.467884 0.470241 0.483832 0.466424 0.490594 0.488549 0.474860 0.492317
8 0.698934 0.343751 0.713040 0.340801 0.720127 0.364182 0.706377 0.367306
4 0.115039 0.400798 0.112159 0.407106 0.144066 0.491844 0.146161 0.494413 0.286798 0.462243 0.311747 0.456792 0.283977 0.374594 0.254176 0.368752
