9 0.5544971098265896 0.5487520798668886 0.004924855491329479 0.01459234608985025
9 0.42796531791907516 0.26354409317803656 0.004947976878612717 0.015823627287853578
9 0.6870982658959538 0.4523294509151415 0.01206936416184971 0.015024958402662228
0 0.4903988439306358 0.6015424292845257 0.9490913294797688 0.5983211314475874 0.9514624277456647 0.6051480865224625 0.9490913294797688 0.6307504159733778 0.947314450867052 0.7843594009983361 0.4856578034682081 0.7869201331114809 0.4850647398843931 0.6077088186356073 0.48625086705202314 0.6051480865224625
8 0.47617341040462424 0.5541930116472545 0.024890173410404625 0.06948419301164725
8 0.8679075144508671 0.36291181364392683 0.02608092485549133 0.0686189683860233
8 0.47380346820809244 0.2654575707154742 0.02608092485549133 0.06349417637271214
8 0.2815028901734104 0.31675540765391014 0.026670520231213874 0.061597337770382704
5 0.4238763005780347 0.764171381031614 0.47128670520231214 0.764171381031614 0.4884728323699422 0.7923327787021631 0.49025086705202314 0.8904725457570715 0.40728323699421964 0.885351081530782 0.4025421965317919 0.7923327787021631
5 0.3311306358381503 0.7614692179700498 0.37083583815028903 0.7641730449251247 0.4004670520231214 0.7948951747088187 0.3975040462427746 0.8887670549084858 0.31394450867052026 0.8904742096505823 0.31453641618497113 0.8563394342762063 0.3109803468208092 0.8367104825291182 0.31038843930635834 0.817936772046589 0.31157341040462433 0.7991613976705491 0.3133514450867052 0.7880682196339435
7 0.47484277456647395 0.9192662229617306 0.7201895953757226 0.9188119800332779 0.729671676300578 0.9478269550748752 0.7278936416184971 0.9913494176372712 0.4612115606936416 0.9896422628951747 0.455285549132948 0.9401464226289518
7 0.7573768786127167 0.9143294509151413 0.9476104046242775 0.9134758735440932 0.9653895953757226 0.9348103161397671 0.9671664739884394 0.9826006655574043 0.7591549132947977 0.9834542429284526 0.7473028901734105 0.9544392678868553 0.7508578034682081 0.9143294509151413
7 0.6926323699421965 0.002346089850249584 0.9711676300578034 0.0033560732113144757 0.9705745664739884 0.052851913477537434 0.9444994219653179 0.07418635607321131 0.6872994219653179 0.07418635607321131 0.683150289017341 0.03919800332778702
7 0.3311306358381503 0.006610648918469218 0.6742612716763006 0.0044276206322795345 0.6730763005780347 0.05307154742096506 0.668335260115607 0.07867221297836938 0.3394265895953757 0.08549916805324459 0.32638959537572254 0.04965723793677205
4 0.003704046242774567 0.16120798668885192 0.21378959537572254 0.16584193011647255 0.23868092485549133 0.19144259567387686 0.24164393063583814 0.4090549084858569 0.0069630057803468206 0.4022279534109817 0.004593063583815029 0.3919883527454243
1 0.11526589595375722 0.019287853577371047 0.3238705202312139 0.01672712146422629 0.3244635838150289 0.00648585690515807 0.6735202312138728 0.00648585690515807 0.6859653179190751 0.011607321131447587 0.6936693641618498 0.0022196339434276207 0.9721745664739885 0.003926788685524127 0.9692115606936417 0.24116638935108153 0.998842774566474 0.28468885191347754 0.9958797687861272 0.8971913477537438 0.9680265895953757 0.9364475873544092 0.9680265895953757 0.9808236272878537 0.9555815028901734 0.9859434276206324 0.7303826589595375 0.9893560732113144 0.7256416184971097 0.9983361064891847 0.46192254335260113 0.9919168053244594 0.43466242774566477 0.9902096505823627 0.13051098265895952 0.9927703826955074 0.12814104046242775 0.9364475873544092 0.12162196531791908 0.9338868552412645 0.11688092485549133 0.9432745424292845 0.0724335260115607 0.9449800332778702 0.07184161849710982 0.7743044925124792 0.10384277456647399 0.7589434276206323 0.1251780346820809 0.7623560732113145 0.12280693641618497 0.40820133111480866 0.005467052023121388 0.3999584026622296 0.0019109826589595376 0.3956921797004992 0.0019109826589595376 0.16357071547420965 0.11747398843930636 0.16186522462562397