9 0.7829724080267558 0.5463668020893789 0.015468227424749164 0.007887405687753918
9 0.5171404682274248 0.5352814857806152 0.004653010033444816 0.014526987811955891
9 0.5522742474916388 0.455118978525827 0.013474080267558527 0.01506674405107371
8 0.48281354515050173 0.2646430644225189 0.023829431438127092 0.05923389437028439
8 0.2901170568561873 0.29740568775391757 0.02640468227424749 0.06255948926291352
8 0.47361204013377933 0.5346314567614625 0.024498327759197323 0.0605977945443993
8 0.8617683946488294 0.3883459082994777 0.02487876254180602 0.061816598955310505
4 0.018918478260869565 0.12404643064422519 0.23536371237458195 0.14529019152640743 0.25282692307692306 0.17224143934997097 0.2462295150501672 0.37868659315147996 0.22876672240802678 0.37976494486361 0.18219816053511706 0.3770696459663378 0.14183904682274248 0.37006268136970405 0.008731605351170568 0.3576651189785258 0.005627090301003345 0.34742367962855486 0.012224080267558527 0.13343180499129426
7 0.35605309364548493 0.0028282066163668024 0.7018223244147157 0.030652930934416713 0.7006580267558529 0.07754788160185723 0.6843591137123746 0.10234300638421358 0.3552767558528428 0.07970400464306443 0.3498440635451505 0.050596633778293675 0.3517842809364548 0.003163087637840975
7 0.7184122073578595 0.031112594312246084 0.9927767558528429 0.055844457341845614 0.9896722408026755 0.10220023215322113 0.9500894648829431 0.12106616366802089 0.6955163043478261 0.10058328496807893 0.693575668896321 0.09141961694718513 0.7009489966555185 0.07686651189785258 0.7009489966555185 0.049915264074289034
7 0.7354765886287625 0.8971416134648869 0.9228779264214046 0.9116024376088219 0.9620438963210701 0.9508537434706906 0.9580777591973245 0.9942367962855484 0.7498540969899666 0.9818415554265815 0.7270484949832775 0.937081253627394 0.7290313545150502 0.9060934416715032
7 0.45214339464882947 0.8871729541497387 0.7069698996655518 0.9043888566453859 0.7208511705685618 0.9367539175856066 0.7198595317725752 0.9835798026697621 0.44718561872909696 0.9677417295414974 0.44173202341137124 0.9278015089959374 0.44173202341137124 0.8892391178177598
0 0.4903177257525083 0.5847643644805571 0.9365117056856187 0.6178183401044689 0.9404778428093645 0.6350336622170633 0.9449397993311036 0.6439860708067324 0.9474188963210702 0.6536262333139873 0.942956939799331 0.7727573998839234 0.9365117056856187 0.7796436448055717 0.939486204013378 0.7879071387115497 0.9340330267558528 0.794793383633198 0.4779234949832776 0.7665600696459662 0.4774276755852843 0.7582965757399884 0.48188963210702346 0.5895850261172374
5 0.3234908026755853 0.7254335461404527 0.36749038461538464 0.729717933836332 0.3843465719063545 0.7517539175856065 0.38583403010033446 0.7572629135229251 0.3838507525083612 0.848160185722577 0.36451588628762543 0.8460946024376088 0.3570790133779264 0.8522919326755659 0.33823996655518396 0.8591781775972142 0.3243582775919732 0.852980847359257 0.31692182274247493 0.8454056877539176 0.2975865384615385 0.8447173534532793 0.301056856187291 0.8144178757980267 0.2970907190635451 0.8020232153221126 0.30155267558528426 0.7834300638421358 0.3030401337792642 0.7744782356355194 0.30155267558528426 0.7565739988392339
5 0.4169009197324415 0.7260040626813696 0.459703177257525 0.7321642484039466 0.471569397993311 0.7521781775972142 0.4741120401337793 0.7627730702263494 0.4758072742474917 0.7698369123621591 0.4741120401337793 0.7792553685432385 0.47665468227424745 0.7904393499709808 0.47792600334448165 0.8039779454439929 0.47538336120401337 0.8186935577481137 0.4741120401337793 0.8275229251305861 0.47114548494983277 0.8528345908299477 0.4580079431438127 0.8522455020313408 0.44020903010033446 0.8604863609982588 0.4249527591973244 0.8569547301218804 0.41096780936454846 0.8498914683691237 0.38893060200668894 0.848125362739408 0.3910497491638796 0.7574759141033083 0.4122391304347826 0.7298096343586767
1 0.13400836120401338 0.1337974463145676 0.14144732441471572 0.0050864770748694135 0.17164046822742476 0.006910040626813697 0.17164046822742476 0.0020475914103308184 0.2543428093645485 0.009948926291352292 0.2587186454849498 0.009948926291352292 0.35061036789297656 0.020281485780615206 0.35148536789297663 0.005694718514219385 0.7024017558528428 0.030006384213580962 0.7024017558528428 0.044593151479976785 0.7050271739130435 0.044593151479976785 0.7159665551839466 0.0324376088218224 0.9928666387959866 0.05674869413813117 0.9898035117056857 0.10233313987231572 0.9683624581939799 0.11448926291352292 0.9622362040133778 0.28163145676146256 0.990241220735786 0.3199222286709228 0.9858653846153846 0.4480731282646547 0.9959297658862877 0.45050435287289614 0.9968047658862876 0.4577980266976204 0.9854280936454849 0.4626598955310505 0.9823649665551839 0.4918340104468949 0.9933043478260869 0.49304933255948924 0.9924289297658863 0.5058131166569936 0.9832399665551839 0.5070290191526408 0.9832399665551839 0.5416726639582125 0.9898035117056857 0.5416726639582125 0.990241220735786 0.5526128845037726 0.9814895484949833 0.5513975623911782 0.9683624581939799 0.8981224608241439 0.9390443143812709 0.9291195589088799 0.9582980769230769 0.9485687753917585 0.9578603678929767 0.9923296575739989 0.7521981605351171 0.9819970980847359 0.7421337792642141 0.9680179918746372 0.7211300167224081 0.96741033081834 0.7211300167224081 0.9850365641323274 0.44414255852842804 0.9649791062100987 0.44414255852842804 0.9485687753917585 0.11165928093645484 0.9321584445734185 0.11253428093645486 0.8890052234474753 0.10509573578595319 0.887789901334881 0.09021780936454848 0.9060232153221126 0.04996070234113712 0.8999454439930354 0.059587374581939793 0.7328032501450957 0.0924059364548495 0.7066680208937899 0.11866053511705686 0.7090992455020314 0.12828720735785953 0.371376088218224 0.008828177257525084 0.35800464306442253 0.003577341137123746 0.35131921067904814 0.012766304347826087 0.1323151479976785 0.018017140468227427 0.12319791062100988