9 0.5320861204013378 0.5383923389437029 0.0065008361204013385 0.016755658734764946
9 0.5401003344481605 0.4283284968078932 0.011877090301003345 0.009616947185142194
0 0.48569941471571904 0.583206616366802 0.9401806020066888 0.6142077771329078 0.9427161371237458 0.6370986651189785 0.9484209866220736 0.6441421938479396 0.9446178929765886 0.7709239698200812 0.9382792642140468 0.782369704004643 0.9382792642140468 0.7982176436448055 0.47428971571906353 0.7682826465467208 0.47619147157190633 0.757717933836332 0.47872658862876255 0.7533157283807312
7 0.44766722408026755 0.8846001160766105 0.7061258361204014 0.9042025536854325 0.7219724080267559 0.938539175856065 0.7207048494983277 0.9852019733023796 0.44370568561872914 0.9649524085896692 0.43990259197324416 0.9209309344167149
7 0.7321145484949834 0.8999994196169472 0.926076923076923 0.9154149738827626 0.9596718227424749 0.948871154962275 0.9584042642140469 0.9920121880441092 0.7492286789297659 0.97968659315148 0.7270434782608696 0.9356651189785259 0.7289452341137124 0.9083714451538015
7 0.7207048494983277 0.03074172954149739 0.9913653846153846 0.05451305861868833 0.9900974080267559 0.10293673824724318 0.9488963210702342 0.12230586186883344 0.6966178929765886 0.10205629715612304 0.6934485785953177 0.08973012188044109 0.6991534280936454 0.07828438769587927 0.6985196488294314 0.051871735345327914 0.7143662207357859 0.037784677887405686
7 0.35417224080267556 0.005719674985490424 0.7032734113712374 0.030551363900174114 0.7001040969899666 0.07809460243760881 0.684257525083612 0.10626813697040047 0.3540137959866221 0.07721416134648867 0.3489427257525084 0.043757399883923395
4 0.02139297658862876 0.12231746952988971 0.23643185618729096 0.14321242019733024 0.25417976588628766 0.172266395821242 0.24467182274247493 0.3835693557748114 0.010141722408026755 0.3606784677887405 0.002535535117056856 0.3562762623331399 0.012677257525083613 0.13264712710388857
8 0.48205267558528425 0.2658792803250145 0.02281772575250836 0.05832849680789321
8 0.2896780936454849 0.29602437608821824 0.02471989966555184 0.0614219384793964
8 0.4727842809364549 0.5345618107951248 0.02487876254180602 0.06330818340104469
8 0.86126254180602 0.3877481137550784 0.02535535117056856 0.0622692977365061
5 0.30187834448160533 0.7460029019152641 0.3243804347826087 0.7224468949506675 0.37001881270903014 0.731250725478816 0.38966847826086953 0.762946604759141 0.38459782608695653 0.8501091120139292 0.35797533444816054 0.8483482298316889 0.3497353678929766 0.8545113174695299 0.3370576923076923 0.8571520603598375 0.32564841137123746 0.8501091120139292 0.3167742474916388 0.8483482298316889 0.29522282608695655 0.8457069065583285 0.30029347826086955 0.816652350551364 0.29839214046822743 0.7972832269297737 0.3028290133779264 0.780554846198491 0.30409698996655515 0.768229251305862
5 0.4143892140468228 0.726203714451538 0.4612955685618729 0.7303702843876959 0.47524038461538465 0.7611857225769006 0.48474832775919735 0.7831961694718513 0.47967767558528424 0.816652350551364 0.4733390468227425 0.8545113174695299 0.4562244983277592 0.8527504352872896 0.4448147993311037 0.8589129425420777 0.4283344481605351 0.8571520603598375 0.4162909698996656 0.8509895531050494 0.4067830267558528 0.8501091120139292 0.3877671404682274 0.8509895531050494 0.39220401337792643 0.7559030760301799
1 0.11964214046822744 0.7075037724898433 0.12930852842809365 0.37230005803830524 0.006671404682274247 0.3605977945443993 0.003502090301003345 0.35443470690655837 0.011108695652173912 0.13256703424260013 0.01744732441471572 0.12112130005803831 0.13534615384615384 0.13498491004062682 0.14168478260869566 0.0020400464306442254 0.16957483277591973 0.004681369704004643 0.17274414715719064 0.0002791642484039466 0.2551467391304348 0.008203134068485201 0.2551467391304348 0.010844457341845618 0.35022658862876255 0.02052930934416715 0.35466346153846157 0.006442251886244922 0.7032892976588628 0.03373534532791642 0.7032892976588628 0.04518107951247823 0.7185020903010033 0.03021416134648868 0.9925698160535117 0.057507254788160184 0.9881325250836119 0.10417005223447476 0.9703841973244147 0.11473534532791642 0.960242474916388 0.2793755078351712 0.9913018394648829 0.3181143354614045 0.986864966555184 0.4510591990713871 0.9906680602006689 0.45898316889146834 0.9855969899665551 0.4669065583284968 0.9836956521739131 0.48979802669762046 0.991935618729097 0.49508067324434124 0.9836956521739131 0.5074068485200232 0.9830614548494984 0.5355803830528149 0.9913018394648829 0.5417434706906559 0.9894005016722409 0.5523081834010447 0.9849632107023412 0.554069065583285 0.9684828595317725 0.8936784677887406 0.9399586120401338 0.9297759721416134 0.9608762541806021 0.9509059779454441 0.9577069397993311 0.9958078932095183 0.751700668896321 0.982601857225769 0.7421927257525084 0.9711561230412071 0.7219092809364549 0.9676343586767266 0.720641304347826 0.9852431804991295 0.4436421404682274 0.9667539175856066 0.4404728260869566 0.9465037724898433 0.10902466555183946 0.9332977365060939 0.11219397993311037 0.89015670342426 0.10522157190635452 0.8883958212420197 0.09127675585284281 0.9060040626813698 0.050075250836120404 0.8989611143354614 0.06021739130434782 0.7360812536273941 0.0925443143812709 0.7035055136390018