9 0.5497784280936454 0.5193789901334881 0.007065217391304347 0.019738827626233312
9 0.7658486622073579 0.4020603598374927 0.010823578595317726 0.011775972141613465
9 0.5396906354515051 0.4272838073128265 0.012566889632107022 0.011282646546720837
0 0.4895275919732442 0.5840487521764365 0.9426542642140469 0.611695879280325 0.9401438127090301 0.6349419616947186 0.9476747491638797 0.6500516540917005 0.9426542642140469 0.7697690075449797 0.9342863712374583 0.7953395240858966 0.47320986622073574 0.7697690075449797 0.48157775919732443 0.590774230992455
7 0.45187165551839464 0.8875449796865932 0.6993549331103679 0.9006976204294835 0.7227851170568562 0.9402159024956471 0.719438127090301 0.9832211259431224 0.4416208193979933 0.9692733604178758 0.4407838628762542 0.9088334300638422 0.44329431438127087 0.8844254207777132
7 0.7311530100334448 0.8991619268717354 0.9185961538461539 0.9111584445734184 0.957925585284281 0.9460272780034824 0.9537416387959866 0.9913569355774811 0.751236204013378 0.9820586186883343 0.7278060200668897 0.9367289611143355
7 0.3552178093645485 0.004131166569936158 0.7015083612040134 0.02832733604178758 0.6985326086956523 0.07585838653511318 0.6791910535117057 0.10375739988392339 0.3526141304347826 0.07792513058618687 0.3466626254180602 0.041760301799187466
7 0.7167211538461539 0.028920487521764363 0.9938202341137123 0.05662739408009286 0.9885296822742475 0.10623099245502031 0.9455430602006689 0.1227655252466628 0.6942357859531773 0.09796401625072548 0.6968812709030101 0.0759181659895531 0.6995263377926422 0.053871735345327916
8 0.8613336120401338 0.3876088218224028 0.027880434782608696 0.06210679048171794
8 0.4718478260869566 0.5351886244921649 0.022533444816053513 0.05892629135229251
8 0.4821279264214047 0.26467788740568776 0.027993311036789294 0.06298316889146836
8 0.28895066889632104 0.29712710388856645 0.024974916387959865 0.06337202553685432
4 0.01742433110367893 0.12433430063842137 0.2362717391304348 0.14541207196749853 0.2548578595317726 0.17187289611143355 0.2441709866220736 0.38162275101567034 0.16982775919732443 0.374523505513639 0.0053432274247491645 0.3558073128264655 0.010919314381270903 0.13314973882762624
5 0.32699372909699 0.7242356355194428 0.3715994983277592 0.7298473592571098 0.3873975752508361 0.7614712710388857 0.3822863712374582 0.8485977945443993 0.35951881270903013 0.8492431804991295 0.3339636287625418 0.8563424260011608 0.3190948996655518 0.8485977945443993 0.2986505016722408 0.8434352872896111 0.302367474916388 0.811165989553105 0.2986505016722408 0.7956767266395821 0.30329682274247494 0.7730882182240278 0.30190301003344483 0.758244341265235
5 0.39204389632107023 0.7516506094022055 0.413882525083612 0.7292019733023796 0.4561651337792642 0.7324289030760301 0.47149832775919737 0.758244341265235 0.4724276755852843 0.7640528148578062 0.4789326923076923 0.7743789901334882 0.47660953177257526 0.7918044109112014 0.47753887959866215 0.8008398142774231 0.47614464882943147 0.8150383052814857 0.4738214882943144 0.8227829367382472 0.47149832775919737 0.8537608821822402 0.4538419732441471 0.8524701102727801 0.4352558528428094 0.8608601276842716 0.42038754180602006 0.8563424260011608 0.40551881270903006 0.8473070226349391 0.38832692307692307 0.8485977945443993
1 0.1172579431438127 0.7085722576900754 0.12975 0.372219384793964 0.005774665551839465 0.35912420197330236 0.010959866220735786 0.13350841555426582 0.01567391304347826 0.12434184561810796 0.1363494983277592 0.13350841555426582 0.14059197324414716 0.00418282066163668 0.17076086956521738 0.008766105629715611 0.17453177257525085 0.0009088798607080673 0.2546680602006689 0.01073012188044109 0.2579678093645485 0.01073012188044109 0.35130309364548495 0.018587347649448638 0.3536601170568562 0.005492164828786999 0.7000840301003345 0.02906326175275682 0.7010267558528428 0.04477713290771909 0.7047980769230769 0.045431804991294254 0.7151684782608696 0.02709924550203134 0.9923457357859531 0.05656297156123041 0.9904602842809365 0.10043122460824144 0.9673620401337792 0.11287173534532792 0.9631429765886288 0.2777945443993035 0.9885982441471571 0.3190441091120139 0.9852984949832775 0.44977190946024376 0.9956688963210701 0.4491172373766686 0.9947261705685619 0.4609030760301799 0.9852984949832775 0.4628670922809054 0.9834130434782609 0.48447417295414974 0.9829414715719064 0.4897121300058038 0.9961404682274247 0.4942954149738828 0.9909552675585284 0.5021526407428902 0.9834130434782609 0.5067359257109693 0.982469899665552 0.534890307603018 0.9900125418060202 0.5381636680208938 0.9900125418060202 0.5512588508415553 0.982469899665552 0.54929483459083 0.9673854515050166 0.8953609982588508 0.9400451505016724 0.9294080092861288 0.9589005016722408 0.9497057457922229 0.9579577759197324 0.9922646546720836 0.7481893812709031 0.9824428322692977 0.74111872909699 0.9693482298316889 0.7246199832775919 0.9673836331979105 0.7213202341137124 0.9844074289030761 0.4417863712374582 0.9667289611143355 0.4417863712374582 0.9503604178757981 0.11069397993311035 0.9326819500870575 0.11305100334448161 0.8901230412071968 0.1045660535117057 0.8875037724898434 0.08948160535117057 0.9071462565293092 0.04847073578595317 0.8992896111433547 0.05931270903010034 0.7369106210098665 0.0918386287625418 0.7074468949506675